I
1100 Generated by WorldEditor 2.2.0r2

17     88 0 0 BGAP [H] Alluitsup Paa Heliport
102 H1  60.46452382 -045.56924307  75.89 9.00 9.00 1 0 0 0.00 0
110 2 0.00 0.0000 terminal_base
111  60.46426949 -045.56832213
111  60.46419408 -045.56840450
111  60.46415234 -045.56824725
113  60.46422775 -045.56816488
110 1 0.00 0.0000 New Taxiway 4
111  60.46454098 -045.56979708
112  60.46452105 -045.56982403  60.46450481 -045.56981804
112  60.46437122 -045.56971025  60.46436163 -045.56970426
112  60.46436827 -045.56966383  60.46437417 -045.56965036
112  60.46441362 -045.56933952  60.46442106 -045.56930072
112  60.46444125 -045.56904847  60.46445401 -045.56898594
112  60.46450080 -045.56864602  60.46450301 -045.56863254
112  60.46450154 -045.56856367  60.46449268 -045.56852325
112  60.46440515 -045.56822704  60.46438079 -045.56818662
112  60.46434536 -045.56818362  60.46432617 -045.56820159
111  60.46425384 -045.56827495
111  60.46422801 -045.56818063
111  60.46432691 -045.56807433
112  60.46431362 -045.56802642  60.46429443 -045.56802342
112  60.46422061 -045.56806447  60.46418666 -045.56811687
112  60.46413750 -045.56821773  60.46412717 -045.56829110
112  60.46411905 -045.56852765  60.46410798 -045.56859203
111  60.46408805 -045.56867288
111  60.46405631 -045.56863545
112  60.46408584 -045.56848124  60.46408879 -045.56841686
112  60.46408289 -045.56822073  60.46409912 -045.56816833
112  60.46420479 -045.56791826  60.46422693 -045.56789311
112  60.46427830 -045.56786975  60.46431285 -045.56788951
112  60.46435802 -045.56800090  60.46437662 -045.56804402
112  60.46445456 -045.56822369  60.46448910 -045.56833508
112  60.46453775 -045.56854227  60.46454493 -045.56861817
112  60.46456902 -045.56867535  60.46458696 -045.56869511
111  60.46466025 -045.56874398
112  60.46466845 -045.56876269  60.46466692 -045.56877725
114  60.46460852 -045.56929700  60.46459878 -045.56935809
110 5 0.00 0.0000 New Taxiway 5
111  60.46428578 -045.56824924
112  60.46424061 -045.56840735  60.46421493 -045.56843969
112  60.46417242 -045.56844687  60.46415116 -045.56841992
112  60.46411839 -045.56835345  60.46411396 -045.56831931
112  60.46415027 -045.56812168  60.46419367 -045.56801568
112  60.46429110 -045.56786117  60.46431058 -045.56785937
112  60.46437258 -045.56785398  60.46438498 -045.56783422
112  60.46449248 -045.56766139  60.46451389 -045.56762546
112  60.46451241 -045.56760300  60.46449913 -045.56761647
112  60.46445336 -045.56763893  60.46442089 -045.56761797
112  60.46440834 -045.56748622  60.46442384 -045.56743531
112  60.46448363 -045.56742633  60.46450208 -045.56743831
112  60.46452643 -045.56746825  60.46453160 -045.56748322
112  60.46454046 -045.56751616  60.46455817 -045.56751915
112  60.46456924 -045.56751915  60.46457441 -045.56750867
112  60.46460910 -045.56755658  60.46461427 -045.56756108
111  60.46461427 -045.56756108
111  60.46460541 -045.56760150
112  60.46456777 -045.56762845  60.46453898 -045.56767935
112  60.46443417 -045.56783357  60.46439063 -045.56789046
112  60.46435889 -045.56792789  60.46435151 -045.56795933
113  60.46435372 -045.56800874
130 Airport Boundary
111  60.46456001 -045.56983230
111  60.46451537 -045.56987111
111  60.46441079 -045.56981419
111  60.46432916 -045.56973140
111  60.46432916 -045.56962791
111  60.46441206 -045.56903546
111  60.46445313 -045.56868299
111  60.46445185 -045.56850966
111  60.46441869 -045.56837512
111  60.46437533 -045.56825353
111  60.46432304 -045.56833114
111  60.46424907 -045.56851224
111  60.46415851 -045.56856140
111  60.46409857 -045.56864936
111  60.46404373 -045.56859503
111  60.46405435 -045.56834041
111  60.46410179 -045.56802064
111  60.46422423 -045.56774123
111  60.46436656 -045.56743402
111  60.46447676 -045.56734461
111  60.46459577 -045.56743402
111  60.46462662 -045.56748319
111  60.46458695 -045.56769778
111  60.46450761 -045.56777825
111  60.46444590 -045.56799730
111  60.46448998 -045.56821189
111  60.46457152 -045.56854718
111  60.46463764 -045.56861424
111  60.46469715 -045.56871259
113  60.46469715 -045.56882435
14  60.46430895 -045.56819489  82.02 0 Tower Viewpoint
19  60.46438737 -045.56797485 0 Windsock
99
