I
1130 Generated by WorldEditor 2.2.0r2

17      0 0 0 BGAR [H] Arsuk
1302 gui_label 2D
102 H1  61.17675673 -048.41977974  69.13 34.81 18.00 1 0 0 0.00 1
110 2 0.00 0.0000 New Taxiway 4
111  61.17720635 -048.42026267
111  61.17717875 -048.42023373
111  61.17719229 -048.42017816
113  61.17721989 -048.42020709
110 1 0.00 0.0000 New Taxiway 3
111  61.17675192 -048.42033963
112  61.17673925 -048.42035593  61.17672877 -048.42034778
111  61.17658246 -048.42023657
112  61.17657579 -048.42019946  61.17658276 -048.42017116
112  61.17667450 -048.41970490  61.17668142 -048.41966446
112  61.17672104 -048.41944664  61.17673173 -048.41940882
112  61.17676833 -048.41922046  61.17677124 -048.41921140
112  61.17678944 -048.41920763  61.17680363 -048.41921367
112  61.17681418 -048.41922348  61.17683201 -048.41924160
112  61.17713394 -048.41945995  61.17714398 -048.41946448
112  61.17714355 -048.41952064  61.17713656 -048.41954600
112  61.17710248 -048.41970931  61.17709252 -048.41976148
112  61.17709619 -048.41981909  61.17710772 -048.41983648
111  61.17721745 -048.41996998
112  61.17722225 -048.42001708  61.17721701 -048.42005059
111  61.17719873 -048.42014034
111  61.17722909 -048.42017212
111  61.17722085 -048.42021497
112  61.17717693 -048.42015169  61.17717169 -048.42012542
111  61.17717169 -048.42010187
111  61.17718522 -048.42012122
111  61.17720771 -048.42000976
112  61.17720028 -048.41998530  61.17718849 -048.41997353
111  61.17708829 -048.41984282
112  61.17707955 -048.41983919  61.17707650 -048.41984191
111  61.17707300 -048.41984825
111  61.17695638 -048.41974292
112  61.17695507 -048.41970216  61.17696074 -048.41968404
112  61.17697755 -048.41960669  61.17697755 -048.41958713
111  61.17697493 -048.41956321
112  61.17694035 -048.41952734  61.17693301 -048.41952082
112  61.17691676 -048.41950669  61.17691310 -048.41950669
112  61.17690262 -048.41952082  61.17689790 -048.41955126
114  61.17682955 -048.41992380  61.17681593 -048.42000314
110 5 0.00 0.0000 New Taxiway 2
111  61.17692269 -048.42133321
112  61.17693654 -048.42123800  61.17694157 -048.42118974
112  61.17693277 -048.42102931  61.17692396 -048.42094322
112  61.17687416 -048.42070151  61.17686373 -048.42063660
112  61.17686504 -048.42041212  61.17686504 -048.42034721
112  61.17685721 -048.42033368  61.17685591 -048.42032827
111  61.17682722 -048.42031475
112  61.17678550 -048.42047432  61.17676333 -048.42047432
112  61.17654557 -048.42031475  61.17649211 -048.42028770
112  61.17654296 -048.42009027  61.17655992 -048.41994692
112  61.17672638 -048.41916202  61.17675355 -048.41906736
112  61.17678180 -048.41909666  61.17679701 -048.41910342
112  61.17688829 -048.41917329  61.17689698 -048.41918456
112  61.17713278 -048.41938290  61.17716103 -048.41939192
112  61.17715668 -048.41943474  61.17715668 -048.41945728
112  61.17713821 -048.41959476  61.17713060 -048.41964435
112  61.17708240 -048.41983538  61.17707712 -048.41985729
112  61.17704995 -048.41985885  61.17704467 -048.41986042
112  61.17699713 -048.41997311  61.17698808 -048.42000285
112  61.17694205 -048.42019693  61.17692092 -048.42027519
112  61.17693526 -048.42026737  61.17693752 -048.42027050
112  61.17695186 -048.42024702  61.17696016 -048.42023137
112  61.17699746 -048.42015659  61.17700312 -048.42014355
112  61.17702513 -048.42013572  61.17704273 -048.42013050
112  61.17702450 -048.42008746  61.17701695 -048.42007181
112  61.17701255 -048.42002355  61.17701507 -048.41999485
112  61.17702073 -048.41997268  61.17702701 -048.41995181
112  61.17703708 -048.41994659  61.17704148 -048.41994007
112  61.17705280 -048.41988529  61.17705908 -048.41986442
112  61.17708927 -048.41989312  61.17710373 -048.41990225
112  61.17712134 -048.41994529  61.17712637 -048.41997268
112  61.17715467 -048.42004311  61.17716410 -048.42005224
112  61.17717290 -048.42003529  61.17717919 -048.42003529
112  61.17718925 -048.42005485  61.17719428 -048.42006659
112  61.17722384 -048.42003659  61.17723767 -048.42000659
112  61.17725716 -048.41997268  61.17726534 -048.41994398
112  61.17723767 -048.41992703  61.17722887 -048.41993746
112  61.17720434 -048.41994790  61.17720246 -048.41994268
112  61.17715970 -048.41985399  61.17713769 -048.41980833
112  61.17713580 -048.41974312  61.17713580 -048.41971703
112  61.17715970 -048.41969355  61.17717227 -048.41967790
112  61.17723138 -048.41961790  61.17724522 -048.41959442
112  61.17726282 -048.41965964  61.17728357 -048.41971312
112  61.17732256 -048.41991399  61.17733137 -048.42000398
112  61.17730575 -048.42008759  61.17729946 -048.42011476
112  61.17723710 -048.42019737  61.17721928 -048.42022889
112  61.17718977 -048.42029566  61.17717667 -048.42030472
112  61.17716356 -048.42027121  61.17716094 -048.42025490
112  61.17715701 -048.42022773  61.17715046 -048.42021324
112  61.17713280 -048.42021233  61.17712589 -048.42021233
112  61.17708376 -048.42034146  61.17706426 -048.42040276
112  61.17703911 -048.42038059  61.17703471 -048.42038059
112  61.17702339 -048.42044189  61.17702339 -048.42044841
112  61.17703974 -048.42045493  61.17704540 -048.42045624
112  61.17704540 -048.42047841  61.17704414 -048.42049537
112  61.17700390 -048.42077319  61.17699824 -048.42080971
112  61.17698943 -048.42081232  61.17698629 -048.42081492
112  61.17696239 -048.42078362  61.17695988 -048.42077580
112  61.17692844 -048.42071971  61.17691460 -048.42070014
112  61.17690957 -048.42070797  61.17690957 -048.42071580
112  61.17692215 -048.42078493  61.17692341 -048.42080188
112  61.17695610 -048.42094666  61.17696176 -048.42097405
112  61.17696491 -048.42104318  61.17696994 -048.42105362
112  61.17698189 -048.42095449  61.17698440 -048.42093362
112  61.17700578 -048.42082145  61.17700893 -048.42080840
112  61.17705420 -048.42051102  61.17706238 -048.42046406
112  61.17709193 -048.42033754  61.17709319 -048.42033363
112  61.17710199 -048.42031798  61.17710514 -048.42031798
112  61.17712777 -048.42036885  61.17712777 -048.42037798
112  61.17711583 -048.42043145  61.17710891 -048.42045754
112  61.17707676 -048.42062367  61.17707466 -048.42063998
112  61.17705056 -048.42072258  61.17704794 -048.42073563
112  61.17706156 -048.42078237  61.17706785 -048.42078997
111  61.17706837 -048.42079432
112  61.17705265 -048.42087910  61.17704794 -048.42090084
112  61.17703016 -048.42086610  61.17702186 -048.42085984
112  61.17700850 -048.42098308  61.17700807 -048.42098489
112  61.17697350 -048.42121151  61.17696433 -048.42127039
113  61.17694730 -048.42136006
130 Airport Boundary
111  61.17696035 -048.42137368
111  61.17688733 -048.42129254
111  61.17686777 -048.42107347
111  61.17686907 -048.42092471
111  61.17685343 -048.42078407
111  61.17681952 -048.42066237
111  61.17676867 -048.42056230
111  61.17645573 -048.42029995
111  61.17644790 -048.42027561
111  61.17644530 -048.42024315
111  61.17669602 -048.41910914
111  61.17671015 -048.41905279
111  61.17673188 -048.41902124
111  61.17676557 -048.41901898
111  61.17717739 -048.41937284
111  61.17721980 -048.41944663
111  61.17728109 -048.41965759
111  61.17734498 -048.41981175
111  61.17735150 -048.41994157
111  61.17732673 -048.42006869
111  61.17727848 -048.42019581
111  61.17722763 -048.42026342
111  61.17716656 -048.42039009
111  61.17712744 -048.42051720
113  61.17706812 -048.42083404
14  61.17720014 -048.42022031  16.40 0 Tower Viewpoint
19  61.17721176 -048.42014229 0 Windsock
99
