I
1130 Generated by WorldEditor 2.1.0r1

1     44 1 0 BGCO Nerlerit Inaat/Constable Pynt
1302 city Neerlerit Inaat
1302 country Greenland
1302 datum_lat 70.743083333
1302 datum_lon -22.650555556
1302 faa_code 
1302 iata_code CNP
1302 icao_code BGCO
1302 region_code BG
1302 state (unassigned)
1302 transition_alt 6000
1302 transition_level 
1302 flatten 1
100 29.87 5 0 0.30 0 3 0 18  70.74546558 -022.65354094    0    0 1 0 0 0 36  70.73715849 -022.64304235    0    0 1 0 0 1
110 1 0.25 0.0000 asphalt_3D.pol
111  70.74355010 -022.64263731
111  70.74340044 -022.64412692
111  70.74306588 -022.64683190
112  70.74262616 -022.64723864  70.74256786 -022.64729940
112  70.74243576 -022.64706830  70.74240114 -022.64687772
112  70.74170214 -022.64302930  70.74167223 -022.64288136
112  70.74157802 -022.64261527  70.74148987 -022.64255323
111  70.74123643 -022.64240192
112  70.73771221 -022.64141681  70.73757429 -022.64139141
112  70.73726091 -022.64178330  70.73716909 -022.64215705
112  70.73692938 -022.64331396  70.73687604 -022.64355878
111  70.73650603 -022.64511696
111  70.73648231 -022.64504904
112  70.73689772 -022.64323027  70.73695405 -022.64297110
112  70.73720822 -022.64179656  70.73732890 -022.64124786
112  70.73771749 -022.64131284  70.73784779 -022.64134134
112  70.74157960 -022.64237419  70.74169294 -022.64244577
112  70.74184242 -022.64273079  70.74187547 -022.64278329
111  70.74227980 -022.64279018
111  70.74333755 -022.64417256
113  70.74350386 -022.64257799
112  70.74180623 -022.64296674  70.74177344 -022.64292697
112  70.74177945 -022.64312923  70.74179388 -022.64324059
112  70.74246951 -022.64697062  70.74247680 -022.64702033
112  70.74252765 -022.64700037  70.74254495 -022.64697827
111  70.74280503 -022.64667973
111  70.74291991 -022.64634901
111  70.74297476 -022.64597207
111  70.74306749 -022.64606760
113  70.74323051 -022.64468417
110 5 0.25 67.9100 Apron
112  70.74299727 -022.64668636  70.74302089 -022.64645170
111  70.74330893 -022.64404553
111  70.74455780 -022.64551499
112  70.74420263 -022.64803211  70.74417240 -022.64823257
112  70.74373212 -022.64849640  70.74359518 -022.64852503
112  70.74343262 -022.64866440  70.74338855 -022.64896030
112  70.74327134 -022.65000564  70.74326819 -022.65019178
111  70.74336239 -022.65056250
111  70.74308846 -022.65050319
111  70.74289258 -022.64997489
112  70.74307242 -022.64977451  70.74311964 -022.64961224
112  70.74327127 -022.64842489  70.74330118 -022.64820058
114  70.74319687 -022.64769796  70.74308039 -022.64735910
130 Airport Boundary
111  70.73586581 -022.64488023
111  70.73657925 -022.63935067
111  70.74031016 -022.63860526
111  70.74542116 -022.64491546
111  70.74516385 -022.64934679
111  70.74652055 -022.65104843
113  70.74595915 -022.65672054
14  70.74391487 -022.64651281  78.74 0 Tower Viewpoint
1300  70.74357516 -022.64738036 155.42 misc jets|turboprops|props|helos|fighters Ramp Start
1301 D none 
18  70.74230308 -022.64681160 1 BCN
19  70.73853618 -022.64323412 1 WS
19  70.74483057 -022.65067335 1 WS
1051 118100 AFIS
99
