I
1130 Generated by WorldEditor 2.1.0r1

1      1 1 0 BGDB Danneborg
1302 city Daneborg
1302 country Greenland
1302 datum_lat 
1302 datum_lon 
1302 faa_code 
1302 iata_code 
1302 icao_code BGDB
1302 region_code 
1302 state (unassigned)
1302 transition_alt 
1302 transition_level 
100 14.63 5 0 0.25 0 0 0 01  74.29824400 -020.21960306    0    0 1 0 0 0 19  74.30138216 -020.21820988    0    0 1 0 0 0
100 15.85 5 0 0.25 0 0 0 13  74.30036249 -020.22443258    0    0 1 0 0 0 31  74.29773269 -020.21420853    0    0 1 0 0 0
110 5 0.25 0.0000 Taxiway
111  74.29890133 -020.21952364 1
112  74.29895630 -020.22036060  74.29897001 -020.22053600 1
111  74.29902607 -020.22099652 1
111  74.29855043 -020.22140386 1
112  74.29832847 -020.22054148  74.29831476 -020.22040505 1
113  74.29829201 -020.21979388
130 Airport Boundary
111  74.29963112 -020.21708853
111  74.30162239 -020.21687061
111  74.30179022 -020.21868075
111  74.30154981 -020.21998808
111  74.30078778 -020.21941811
111  74.30034780 -020.21963597
111  74.30006657 -020.22151298
111  74.30038862 -020.22342352
111  74.30057459 -020.22469721
111  74.30043851 -020.22535082
111  74.29993956 -020.22523350
111  74.29910949 -020.22359111
111  74.29840189 -020.22121113
111  74.29785304 -020.21851302
111  74.29758542 -020.21598250
111  74.29754914 -020.21360281
111  74.29761717 -020.21306654
113  74.29778312 -020.21309044
14  74.29881710 -020.22010357  82.02 0 Tower Viewpoint
1300  74.29862995 -020.21987881  99.68 misc jets|turboprops|props|helos Ramp Start
1301 B none 
18  74.29880194 -020.22162012 1 Airport Beacon
19  74.29904416 -020.22032456 0 Windsock
99
