I
1100 Generated by WorldEditor 2.2.0r2

17      9 0 0 BGET [H] Eqalugaarsuit Heliport
102 H1  60.61973287 -045.91403750 111.37 20.00 30.00 5 0 0 0.00 0
110 2 0.00 0.0000 New Taxiway 35
111  60.61999064 -045.91399229
111  60.61994922 -045.91402380
111  60.61993195 -045.91392948
111  60.61993691 -045.91392571
111  60.61993073 -045.91389195
111  60.61990792 -045.91390930
111  60.61989713 -045.91385038
113  60.61995641 -045.91380530
110 2 0.00 0.0000 New Taxiway 34
111  60.62009142 -045.91427080
111  60.62002403 -045.91431239
112  60.62000839 -045.91420710  60.62000963 -045.91420584
113  60.62007578 -045.91416551
110 2 0.00 0.0000 New Taxiway 33
111  60.62022435 -045.91415108
111  60.62017983 -045.91423173
111  60.62014652 -045.91415535
113  60.62019104 -045.91407470
110 1 0.00 0.0000 New Taxiway 36
111  60.61943081 -045.91434588
112  60.61943936 -045.91431975  60.61944149 -045.91431104
112  60.61944577 -045.91421740  60.61944149 -045.91419780
112  60.61943829 -045.91411723  60.61943829 -045.91407368
112  60.61944470 -045.91396916  60.61944897 -045.91391689
112  60.61945111 -045.91381237  60.61945752 -045.91373833
112  60.61947247 -045.91377753  60.61948102 -045.91377317
112  60.61951094 -045.91371873  60.61952696 -045.91369913
112  60.61955046 -045.91367300  60.61956435 -045.91364905
112  60.61958786 -045.91369696  60.61959961 -045.91370567
112  60.61959534 -045.91375357  60.61959427 -045.91377753
112  60.61954833 -045.91381455  60.61953017 -045.91385810
112  60.61950987 -045.91401271  60.61950773 -045.91404755
112  60.61950987 -045.91416296  60.61950987 -045.91423482
112  60.61951521 -045.91425442  60.61952055 -045.91430015
112  60.61956756 -045.91429362  60.61960175 -045.91431104
112  60.61961563 -045.91433064  60.61963593 -045.91435024
112  60.61961029 -045.91441556  60.61960281 -045.91443081
112  60.61954405 -045.91445258  60.61951628 -045.91445694
113  60.61950346 -045.91447654
110 1 0.00 0.0000 New Taxiway 31
111  60.62031953 -045.91396886
112  60.62024979 -045.91407623  60.62021492 -045.91411252
112  60.62012441 -045.91413823  60.62007767 -045.91414731
112  60.62002054 -045.91420175  60.61997825 -045.91424711
112  60.61993151 -045.91429853  60.61990035 -045.91428946
111  60.61987290 -045.91426526
111  60.61986251 -045.91423199
112  60.61984174 -045.91420780  60.61984916 -045.91418965
112  60.61986696 -045.91415789  60.61988329 -045.91414731
112  60.61991371 -045.91416394  60.61991816 -045.91418058
112  60.61992558 -045.91421233  60.61992780 -045.91421687
112  60.61994709 -045.91423199  60.61995006 -045.91423199
112  60.61995896 -045.91421384  60.61995896 -045.91419721
112  60.61995599 -045.91417755  60.61995377 -045.91415638
112  60.61995599 -045.91411706  60.61997009 -045.91411706
112  60.61998567 -045.91411404  60.61999606 -045.91411404
112  60.62001980 -045.91413672  60.62003983 -045.91411706
112  60.62003761 -045.91406716  60.62003019 -045.91399608
112  60.62002648 -045.91393710  60.62000867 -045.91388115
112  60.61998022 -045.91383122  60.61996785 -045.91382996
111  60.61996043 -045.91384005
111  60.61991282 -045.91385013
112  60.61990293 -045.91375939  60.61989180 -045.91371781
112  60.61986645 -045.91366488  60.61985842 -045.91366362
111  60.61982295 -045.91364728
111  60.61982295 -045.91359465
112  60.61988794 -045.91362550  60.61991821 -045.91366543
112  60.62001881 -045.91383238  60.62006155 -045.91394126
112  60.62014772 -045.91402249  60.62021805 -045.91401886
113  60.62031688 -045.91387913
110 5 0.00 0.0000 New Taxiway 32
111  60.62031374 -045.91397945
112  60.62017931 -045.91425709  60.62014102 -045.91428794
112  60.62001905 -045.91434783  60.61998700 -045.91433513
112  60.61990331 -045.91432061  60.61986592 -045.91432061
112  60.61980538 -045.91436235  60.61978134 -045.91439320
112  60.61975107 -045.91439683  60.61973327 -045.91439683
112  60.61969765 -045.91439683  60.61968697 -045.91439683
112  60.61960594 -045.91444254  60.61958287 -045.91446605
111  60.61952518 -045.91450786
111  60.61942133 -045.91434324
112  60.61943800 -045.91421258  60.61943800 -045.91417077
112  60.61941108 -045.91398524  60.61940851 -045.91393820
112  60.61945082 -045.91372131  60.61949056 -045.91367689
112  60.61962261 -045.91359850  60.61967389 -045.91358282
112  60.61985594 -045.91356453  60.61989056 -045.91361679
112  60.62002389 -045.91379971  60.62004953 -045.91387810
112  60.62013670 -045.91400876  60.62020978 -045.91400614
113  60.62031491 -045.91387288
130 Airport Boundary
111  60.62031656 -045.91400935
111  60.62022579 -045.91424453
111  60.62009502 -045.91438877
111  60.61994118 -045.91434801
111  60.61983195 -045.91436055
111  60.61979656 -045.91448912
111  60.61972733 -045.91458946
111  60.61965195 -045.91459260
111  60.61958118 -045.91452048
111  60.61953349 -045.91451420
111  60.61941349 -045.91431352
111  60.61942580 -045.91418182
111  60.61940119 -045.91399681
111  60.61938272 -045.91381180
111  60.61940580 -045.91373341
111  60.61947965 -045.91364561
111  60.61968118 -045.91353272
111  60.61982272 -045.91351704
111  60.61990887 -045.91361425
111  60.62004425 -045.91380239
111  60.62014117 -045.91396545
111  60.62022887 -045.91392155
113  60.62030886 -045.91385570
14  60.61993671 -045.91406625   6.56 0 Tower Viewpoint
19  60.61956515 -045.91424362 0 Windsock
99
