I
1100 Generated by WorldEditor 2.2.0r2

1     90 1 0 BGMQ Maniitsoq
1302 city Maniitsoq
1302 country Greenland
1302 datum_lat 65.412463889
1302 datum_lon -52.939419444
1302 faa_code 
1302 iata_code JSU
1302 icao_code BGMQ
1302 region_code BG
1302 state (unassigned)
1302 transition_alt 9000
1302 transition_level 
100 29.88 1 0 0.25 0 2 0 16  65.41463952 -052.94626530   31    0 2 0 0 0 34  65.41031309 -052.93245808   31    0 2 0 0 0
110 1 0.00 127.0000 New Taxiway 1
111  65.41096421 -052.93399922
112  65.41124389 -052.93394635  65.41140008 -052.93366081
111  65.41124389 -052.93394635
112  65.41124389 -052.93394635  65.41132326 -052.93380155
111  65.41131797 -052.93362720
111  65.41124684 -052.93291043
111  65.41151849 -052.93244078
111  65.41178052 -052.93326379
111  65.41183996 -052.93314755
111  65.41199710 -052.93366596
111  65.41197195 -052.93411933
111  65.41148448 -052.93422544
112  65.41135191 -052.93435393  65.41127472 -052.93448657
111  65.41135191 -052.93435393
112  65.41135191 -052.93435393  65.41119753 -052.93461921
113  65.41126592 -052.93496301
110 5 0.00 127.0000 New Taxiway 9
111  65.41483543 -052.94614903
111  65.41452793 -052.94671345
111  65.41006241 -052.93251786
111  65.41040777 -052.93190364
111  65.41102717 -052.93394884
111  65.41120450 -052.93362997
111  65.41095093 -052.93278201
111  65.41165915 -052.93155211
111  65.41211346 -052.93307017
111  65.41213855 -052.93382920
113  65.41142111 -052.93513078
130 Airport Boundary 4
111  65.40956531 -052.93182329
111  65.41033255 -052.93056864
111  65.41086535 -052.93142642
111  65.41124897 -052.93149043
111  65.41171251 -052.93102897
111  65.41215474 -052.93216853
111  65.41229859 -052.93333366
111  65.41223998 -052.93431958
111  65.41295394 -052.93819910
111  65.41491998 -052.94467781
111  65.41517573 -052.94647034
113  65.41457366 -052.94764828
120 Linear Feature 6
111  65.41174311 -052.93383352 1
115  65.41174522 -052.93379840
120 Linear Feature 7
112  65.41109683 -052.93447648  65.41102936 -052.93459817 1
112  65.41094194 -052.93446415  65.41091285 -052.93437081 1
115  65.41081174 -052.93405011
120 Linear Feature 5
111  65.41120298 -052.93529788 1
112  65.41107392 -052.93488590  65.41102638 -052.93473663 1
112  65.41109682 -052.93447660  65.41114433 -052.93439250 1
112  65.41124764 -052.93421541  65.41128089 -052.93415886 1
112  65.41145579 -052.93404909  65.41154222 -052.93402385 1
112  65.41186070 -052.93397757  65.41194787 -052.93396169 1
112  65.41186008 -052.93369398  65.41178251 -052.93370652 1
112  65.41177624 -052.93380157  65.41176419 -052.93382139 1
111  65.41175303 -052.93381898 1
115  65.41174427 -052.93381600
120 Linear Feature 4
111  65.41132482 -052.93372101 4
115  65.41146780 -052.93417646
120 Linear Feature 3
111  65.41097651 -052.93404070 1
112  65.41111289 -052.93410094  65.41119183 -052.93407059 1
112  65.41129535 -052.93385394  65.41133920 -052.93372385 1
111  65.41132285 -052.93354880 1
111  65.41126699 -052.93297201 1
111  65.41146107 -052.93263186 1
111  65.41174546 -052.93351853 1
115  65.41182755 -052.93348511
120 Linear Feature 2
111  65.41124392 -052.93489290 1
112  65.41124663 -052.93460441  65.41127369 -052.93444389 1
112  65.41138555 -052.93425083  65.41144508 -052.93417708 1
111  65.41148026 -052.93417925 1
111  65.41195406 -052.93408003 1
111  65.41197097 -052.93375193 1
111  65.41187987 -052.93346343 1
115  65.41182755 -052.93348512
21  65.41365704 -052.94180045 2 126.9900 3.00 16  PAPI-4L
21  65.41129597 -052.93692190 2 307.0100 3.00 34  PAPI-4L
14  65.41180914 -052.93311009  49.21 0 Tower Viewpoint
1300  65.41144186 -052.93315049 -53.91 misc jets|turboprops|props|helos Gate
1301 C none 
1300  65.41175650 -052.93381744 177.19 misc jets|turboprops|props|helos Custom Startup Location
1301 C none 
18  65.41297228 -052.93882981 1 Rotating Beacon
19  65.41097125 -052.93340783 1 Windsock
19  65.41397026 -052.94529332 1 Windsock
1200 
1201  65.41148781 -052.93331087 both 0 _stop
1201  65.41168117 -052.93388314 both 1 _start
1201  65.41158270 -052.93358625 both 2 _start(split)
1201  65.41451844 -052.94555747 both 3 _stop
1201  65.41119399 -052.93500235 both 4 _stop
1201  65.41140472 -052.93393271 both 5 _stop
1201  65.41113294 -052.93442020 both 6 _stop
1201  65.41097144 -052.93428294 both 7 _stop
1201  65.41070359 -052.93341209 both 8 _stop
1201  65.41056967 -052.93292461 both 9 _stop
1201  65.41048767 -052.93301972 both 10 16/34_stop
1201  65.41445608 -052.94569244 both 11 16/34_start
1202 5 2 twoway taxiway_E 
1202 1 2 twoway taxiway_E 
1202 2 0 twoway taxiway_E 
1202 3 11 twoway taxiway_E 
1204 departure 16,34
1204 arrival 16,34
1202 4 3 twoway taxiway_E 
1204 departure 16,34
1204 arrival 16,34
1202 6 4 twoway taxiway_E 
1204 departure 16,34
1204 arrival 16,34
1202 6 5 twoway taxiway_E 
1204 departure 16,34
1204 arrival 16,34
1202 7 6 twoway taxiway_E 
1204 departure 16,34
1204 arrival 16,34
1202 8 7 twoway taxiway_E 
1204 departure 16,34
1204 arrival 16,34
1202 9 8 twoway taxiway_E 
1204 departure 16,34
1204 arrival 16,34
1202 10 9 twoway taxiway_E 
1204 departure 16,34
1204 arrival 16,34
1202 11 10 twoway runway 16/34
1204 departure 16,34
1204 arrival 16,34
1204 ils 16,34
99
