I
1100 Generated by WorldEditor 2.2.0r2

1     56 0 0 BGMV Mestersvig
1302 city Mestersvig
1302 country Greenland
1302 datum_lat 72.233333333
1302 datum_lon -23.916666667
1302 faa_code 
1302 iata_code 
1302 icao_code BGMV
1302 region_code BG
1302 state (unassigned)
1302 transition_alt 11000
1302 transition_level 
100 60.96 5 0 0.25 0 0 0 14  72.24033805 -023.95816831    0    0 1 0 0 0 32  72.23465364 -023.90839416    0    0 1 0 0 0
110 5 0.25 288.5100 Taxiway
112  72.23517349 -023.91720276  72.23509582 -023.91697472
112  72.23474345 -023.91601518  72.23467821 -023.91607169
111  72.23444341 -023.91629475
112  72.23424982 -023.91493248  72.23419816 -023.91479645
112  72.23368044 -023.91403600  72.23360929 -023.91369683
112  72.23354515 -023.91281681  72.23355486 -023.91250924
112  72.23368044 -023.91047344  72.23370795 -023.91017648
112  72.23395586 -023.90800337  72.23398499 -023.90768519
112  72.23405250 -023.90651500  72.23410104 -023.90637181
112  72.23469997 -023.90608748  72.23480677 -023.90611930
112  72.23529435 -023.90760642  72.23533804 -023.90794053
112  72.24069388 -023.95606413  72.24073737 -023.95655514
111  72.24054422 -023.95785422
111  72.23487501 -023.90824330
111  72.23444330 -023.90879932
113  72.23541301 -023.91722576
110 5 0.25 28.0500 Taxiway
111  72.23445317 -023.91627027
111  72.23395696 -023.91746998
112  72.23398310 -023.91780273  72.23400182 -023.91790770
112  72.23435796 -023.92010821  72.23435903 -023.92026725
112  72.23434347 -023.92153328  72.23432773 -023.92184631
112  72.23418899 -023.92332471  72.23416989 -023.92349412
111  72.23400849 -023.92379939
111  72.23403691 -023.92436283
111  72.23423291 -023.92470221
111  72.23418770 -023.92567908
111  72.23344641 -023.92667088
111  72.23358649 -023.92781430
111  72.23328438 -023.92821513
111  72.23276917 -023.92447393
111  72.23289615 -023.92423348
111  72.23261758 -023.92219827
111  72.23281569 -023.92170731
111  72.23270939 -023.92072567
111  72.23290650 -023.92044052
111  72.23305728 -023.91980735
111  72.23316359 -023.91904737
111  72.23392435 -023.91736832
113  72.23443543 -023.91612422
112  72.23390054 -023.91791834  72.23387626 -023.91781228
111  72.23380929 -023.91784347
112  72.23335804 -023.91886005  72.23334212 -023.91890302
112  72.23333817 -023.91906086  72.23334566 -023.91912838
112  72.23345091 -023.92007346  72.23345091 -023.92020603
111  72.23344419 -023.92090035
111  72.23419557 -023.92151001
112  72.23425842 -023.92140174  72.23426246 -023.92131777
114  72.23428096 -023.92023002  72.23427961 -023.92007977
111  72.23366908 -023.92139716
111  72.23358928 -023.92307604
112  72.23391841 -023.92327521  72.23395662 -023.92329731
111  72.23395054 -023.92358488
112  72.23412114 -023.92320649  72.23413519 -023.92307391
111  72.23418173 -023.92239706
111  72.23404243 -023.92231667
113  72.23407221 -023.92170218
130 Airport Boundary
111  72.24181633 -023.95806211
111  72.24086401 -023.96136732
111  72.23885503 -023.96244471
111  72.23439231 -023.92815042
111  72.23317443 -023.92892742
111  72.23121063 -023.91365201
111  72.23360025 -023.90477247
113  72.23552211 -023.90408935
14  72.23426708 -023.92183210  82.02 0 Tower Viewpoint
15  72.23426960 -023.91098237  20.03 Ramp Start
18  72.23454944 -023.91823307 1 Airport Beacon
19  72.23474244 -023.91690556 0 Windsock
99
