I
1100 Generated by WorldEditor 2.2.0r2

17    239 0 0 BGSC [H] Ittoqqortoormiit
102 H1  70.48823296 -021.97166042   0.00 13.50 13.50 1 0 0 0.00 0
110 1 0.00 0.0000 New Taxiway 10
111  70.48813855 -021.97194765
112  70.48810267 -021.97193308  70.48808655 -021.97194128
111  70.48807895 -021.97194856
111  70.48806557 -021.97189212
111  70.48807044 -021.97183113
112  70.48808747 -021.97179836  70.48809385 -021.97178288
113  70.48810145 -021.97173281
110 1 0.00 0.0000 New Taxiway 9
112  70.48832710 -021.97192954  70.48825890 -021.97215479
112  70.48810378 -021.97178509  70.48807273 -021.97149563
114  70.48825722 -021.97127827  70.48835648 -021.97134247
110 5 0.00 0.0000 New Taxiway 8
112  70.48844730 -021.97167582  70.48841643 -021.97175193
112  70.48828842 -021.97201831  70.48827299 -021.97204549
112  70.48820943 -021.97208355  70.48817947 -021.97205908
112  70.48814134 -021.97200200  70.48812318 -021.97196395
112  70.48809050 -021.97194764  70.48807416 -021.97195307
111  70.48804874 -021.97197482
111  70.48802513 -021.97185794
112  70.48808233 -021.97178183  70.48808687 -021.97169213
112  70.48811047 -021.97145021  70.48812591 -021.97138769
112  70.48825937 -021.97121916  70.48832201 -021.97118383
112  70.48844821 -021.97116480  70.48848180 -021.97119470
114  70.48848362 -021.97137682  70.48848725 -021.97146924
130 Airport Boundary
111  70.48849070 -021.97157362
111  70.48843078 -021.97180194
111  70.48831965 -021.97206615
111  70.48827389 -021.97209877
111  70.48821724 -021.97212812
111  70.48817039 -021.97209877
111  70.48812682 -021.97203679
111  70.48810285 -021.97197808
111  70.48808975 -021.97194690
111  70.48806594 -021.97185246
111  70.48806798 -021.97180847
111  70.48807670 -021.97167799
111  70.48809631 -021.97146598
111  70.48812246 -021.97136160
111  70.48818238 -021.97126701
111  70.48826409 -021.97119851
111  70.48836323 -021.97112349
111  70.48842424 -021.97112349
111  70.48847327 -021.97114632
111  70.48849942 -021.97126701
113  70.48850268 -021.97144314
14  70.48834205 -021.97126986   6.56 0 Tower Viewpoint
19  70.48841273 -021.97168411 0 Windsock
99
