I
1100 Generated by WorldEditor 2.2.0r2

17     22 0 0 BGSV [H] Savissivik
102 H1  76.01862593 -065.11762734 284.40 27.09 20.00 1 0 0 0.00 0
110 1 0.00 0.0000 New Taxiway 2
111  76.01875561 -065.11801732
111  76.01854716 -065.11824579
112  76.01852828 -065.11823076  76.01852392 -065.11819168
112  76.01849981 -065.11785186  76.01849036 -065.11778272
112  76.01848092 -065.11742800  76.01848237 -065.11733180
112  76.01850271 -065.11714241  76.01851724 -065.11713941
112  76.01857244 -065.11711536  76.01858406 -065.11711536
112  76.01859641 -065.11712438  76.01860149 -065.11712438
112  76.01863926 -065.11703119  76.01865524 -065.11699511
112  76.01872787 -065.11686886  76.01874530 -065.11681775
112  76.01876055 -065.11663739  76.01877145 -065.11653518
112  76.01876256 -065.11646450  76.01876256 -065.11641339
112  76.01877127 -065.11624204  76.01878725 -065.11621799
112  76.01887877 -065.11615186  76.01890056 -065.11613683
111  76.01900198 -065.11604101
111  76.01900488 -065.11613120
112  76.01898019 -065.11616427  76.01897438 -065.11618230
112  76.01893225 -065.11625144  76.01891918 -065.11629053
112  76.01890756 -065.11635365  76.01889957 -065.11639875
112  76.01887851 -065.11644685  76.01886398 -065.11647691
112  76.01884219 -065.11650396  76.01883275 -065.11651298
112  76.01881532 -065.11656409  76.01880878 -065.11660016
112  76.01880244 -065.11679449  76.01881394 -065.11689219
112  76.01883997 -065.11688468  76.01885692 -065.11686464
111  76.01893136 -065.11679700
112  76.01895860 -065.11677195  76.01897676 -065.11678197
112  76.01899673 -065.11687716  76.01900884 -065.11693729
112  76.01901973 -065.11724291  76.01901913 -065.11726546
112  76.01900581 -065.11735815  76.01899855 -065.11738821
112  76.01895255 -065.11761618  76.01893863 -065.11763121
112  76.01889868 -065.11763622  76.01888778 -065.11764123
112  76.01886357 -065.11765375  76.01885268 -065.11767129
112  76.01882968 -065.11771137  76.01881757 -065.11775145
112  76.01879859 -065.11789457  76.01879859 -065.11793787
114  76.01879129 -065.11796908  76.01878326 -065.11798317
130 Airport Boundary 1
111  76.01878837 -065.11801180
111  76.01853038 -065.11828957
111  76.01850336 -065.11807673
111  76.01847373 -065.11792162
111  76.01843799 -065.11781340
111  76.01841707 -065.11769436
111  76.01842405 -065.11761139
111  76.01844497 -065.11761500
111  76.01846937 -065.11753203
111  76.01847373 -065.11748513
111  76.01847547 -065.11714604
111  76.01859139 -065.11704504
111  76.01868726 -065.11692239
111  76.01873834 -065.11650582
111  76.01876003 -065.11619166
111  76.01889558 -065.11610190
111  76.01899679 -065.11600466
111  76.01902473 -065.11637140
111  76.01903519 -065.11707123
111  76.01901515 -065.11752576
111  76.01893670 -065.11771696
113  76.01882689 -065.11793701
14  76.01877274 -065.11684527   6.56 0 Tower Viewpoint
19  76.01879282 -065.11793384 0 Windsock
99
