I
1100 Generated by WorldEditor 2.2.0r2

1    252 1 0 BGTL Thule Air Base
1302 city Thule
1302 country Greenland
1302 datum_lat 76.531202778
1302 datum_lon -68.703161111
1302 faa_code 
1302 iata_code THU
1302 icao_code BGTL
1302 region_code BG
1302 state (unassigned)
1302 transition_alt 6500
1302 transition_level 9000
100 45.72 1 1 0.25 1 3 0 08T  76.53003963 -068.76179289   10   68 3 1 0 1 26T  76.53242613 -068.64453928    7   68 3 0 0 0
110 1 0.25 75.0000 asphalt_3L.pol
111  76.52441949 -068.79711012
111  76.52425010 -068.79686609
111  76.52497046 -068.78679287
113  76.52514188 -068.78705519
110 2 0.25 354.0000 concrete_4L.pol
111  76.52828727 -068.76176272
111  76.52823505 -068.76151873
111  76.52822256 -068.76069349
111  76.52946502 -068.76127067
111  76.52947208 -068.76154889
111  76.52963032 -068.76163659
113  76.52961387 -068.76238022
110 2 0.25 0.0000 concrete_4L.pol
112  76.52824445 -068.75918270  76.52820773 -068.75916935
112  76.52820963 -068.75902857  76.52821106 -068.75890602
111  76.52826178 -068.75691301
112  76.52955485 -068.75754422  76.52967597 -068.75762624
111  76.52984830 -068.75559780
112  76.52976102 -068.75966268  76.52975243 -068.75988107
114  76.52970028 -068.75985173  76.52967406 -068.75984505
110 2 0.25 0.0000 concrete_4L.pol
111  76.53044125 -068.76270871
111  76.53045658 -068.76189905
112  76.53199055 -068.76252650  76.53208973 -068.76257227
111  76.53243842 -068.76345191
111  76.53246839 -068.76409052
111  76.53235723 -068.76427921
114  76.53193170 -068.76330770  76.53189928 -068.76329864
110 2 0.25 0.0000 concrete_4L.pol
112  76.53041409 -068.76008288  76.53036927 -068.76006476
112  76.53034066 -068.75983301  76.53034161 -068.75967231
111  76.53041123 -068.75608263
112  76.53091764 -068.75858082  76.53108549 -068.75867857
112  76.53208114 -068.75895943  76.53218700 -068.75896944
111  76.53226902 -068.75825227
112  76.53220417 -068.76023785  76.53219368 -068.76052491
114  76.53207923 -068.76074140  76.53204776 -068.76073281
110 1 0.25 85.0000 Taxiway
111  76.53410935 -068.69742622 53 102
112  76.53379420 -068.69007204  76.53375313 -068.68912908 53 102
112  76.53370260 -068.68796168  76.53366914 -068.68712668 53 102
112  76.53360871 -068.68591706  76.53355619 -068.68549793 53 102
112  76.53330343 -068.68541942  76.53312437 -068.68554713 53 102
112  76.53202462 -068.68646662  76.53191200 -068.68658528 53 102
112  76.53174336 -068.68797238  76.53172036 -068.68906538
111  76.53174336 -068.68797238
111  76.53158759 -068.68627176
111  76.53182044 -068.68438505
112  76.53182044 -068.68438505  76.53180084 -068.68517995 53 102
112  76.53212222 -068.68552920  76.53227383 -068.68538813 53 102
112  76.53330137 -068.68447956  76.53344526 -068.68431895 53 102
112  76.53372670 -068.68326812  76.53373770 -068.68232670 53 102
111  76.53384112 -068.67778842 53 102
112  76.53426572 -068.65744991  76.53427979 -068.65689112 53 102
112  76.53410677 -068.65520549  76.53403754 -068.65452020 53 102
112  76.53374208 -068.65195928  76.53361150 -068.65093949 53 102
112  76.53325800 -068.64880571  76.53312869 -068.64831091 53 102
112  76.53278670 -068.64782544  76.53260731 -068.64779191 53 102
112  76.53256147 -068.64804345  76.53255969 -068.64819369
111  76.53256147 -068.64804345
111  76.53215036 -068.64792746
112  76.53215036 -068.64792746  76.53215875 -068.64743789 53 102
112  76.53188845 -068.64738589  76.53170066 -068.64728754 53 102
112  76.53052663 -068.64691579  76.53019863 -068.64680379 53 102
112  76.52978722 -068.64754801  76.52961522 -068.64813001 53 102
111  76.52920985 -068.64962882 53 102
112  76.52787865 -068.65467781  76.52770665 -068.65525981 53 102
112  76.52796048 -068.65654967  76.52804796 -068.65695715 53 102
112  76.52833128 -068.65833143  76.52844109 -068.65887417 53
112  76.52868901 -068.65923065  76.52867101 -068.66016865 53
111  76.52839384 -068.67646169 53
111  76.52797829 -068.67628548 53
112  76.52828195 -068.66015591  76.52828648 -068.65980885 53 102
112  76.52816512 -068.65894315  76.52801212 -068.65826815 53 102
112  76.52776501 -068.65695351  76.52759443 -068.65612756 53 102
112  76.52734910 -068.65665287  76.52719469 -068.65719059 53 102
111  76.52611840 -068.66130878
111  76.52598047 -068.66045310 53 102
111  76.52743468 -068.65514733 53 102
112  76.52988968 -068.64594825  76.53006168 -068.64536625 53 102
112  76.52998698 -068.64421742  76.53000398 -068.64312242 53 102
111  76.53026630 -068.63078524
111  76.53074847 -068.63089385 53 102
112  76.53049092 -068.64274276  76.53047392 -068.64383776 53 102
112  76.53090615 -068.64577656  76.53123415 -068.64586256
111  76.53090615 -068.64577656
112  76.53090615 -068.64577656  76.53107015 -068.64581956 53 102
111  76.53213236 -068.64625618
111  76.53262254 -068.64530631 53 102
112  76.53309112 -068.64564637  76.53333020 -068.64600280 53 102
112  76.53365394 -068.64755796  76.53380932 -068.64847952 53
112  76.53401637 -068.65031799  76.53412067 -068.65110272 53
112  76.53421649 -068.65201805  76.53425975 -068.65236859 53
112  76.53440039 -068.65377574  76.53445370 -068.65436557 53
112  76.53451224 -068.65596030  76.53452370 -068.65651787 53
112  76.53449441 -068.65865052  76.53447941 -068.65943252 53 102
112  76.53413812 -068.67650719  76.53412912 -068.67724759 53 102
111  76.53434321 -068.67743596
111  76.53433179 -068.67829371 53 102
112  76.53420840 -068.67831900  76.53413600 -068.67839236 53 102
112  76.53409486 -068.67882503  76.53408670 -068.67912640 53 102
112  76.53407348 -068.68045813  76.53407156 -068.68071276 53 102
112  76.53418772 -068.68114689  76.53424614 -068.68118764 53 102
111  76.53427483 -068.68116513
111  76.53425481 -068.68200799 53 102
112  76.53402107 -068.68264731  76.53401007 -068.68332047 53 102
112  76.53400094 -068.68412596  76.53398994 -068.68490896 53 102
112  76.53428458 -068.68502158  76.53443032 -068.68504143 53 102
111  76.53477203 -068.68517228
111  76.53475275 -068.68599831 53 102
112  76.53419917 -068.68573556  76.53405750 -068.68570859 53 102
112  76.53391015 -068.68698894  76.53392297 -068.68773784 53 102
112  76.53401059 -068.68985524  76.53404754 -068.69064192
111  76.53401059 -068.68985524
112  76.53401059 -068.68985524  76.53402809 -068.69024024 53 102
112  76.53450076 -068.70093528  76.53453484 -068.70153391
112  76.53465678 -068.70436740  76.53470723 -068.70552989 53 102
112  76.53476909 -068.70684726  76.53481121 -068.70781353
111  76.53476909 -068.70684726
112  76.53476909 -068.70684726  76.53481121 -068.70781353
112  76.53489960 -068.70968937  76.53492568 -068.71029893 53 102
112  76.53498261 -068.71193678  76.53501595 -068.71308750 53 102
112  76.53494618 -068.71586097  76.53488995 -068.71724404
112  76.53464336 -068.72027126  76.53457746 -068.72106327 53 102
112  76.53401920 -068.72739821  76.53395984 -068.72800999 53 102
112  76.53397616 -068.72880314  76.53401459 -068.72927494 53 102
111  76.53413871 -068.72930013
111  76.53395093 -068.73163874 53 102
112  76.53362072 -068.73204807  76.53353208 -068.73297559 53 102
112  76.53329602 -068.73592737  76.53321287 -068.73696457 53 102
111  76.53336203 -068.73722932
111  76.53327448 -068.73911078 53 102
112  76.53311666 -068.74021526  76.53308931 -068.74115638 53 102
111  76.53301758 -068.74339538
111  76.53293833 -068.74581798 53 102
111  76.53255817 -068.75661958 53 102
112  76.53261514 -068.75732036  76.53267359 -068.75763951 53 102
111  76.53271716 -068.75781274
111  76.53245679 -068.76337944 53 102
112  76.53198223 -068.76240736  76.53188904 -068.76238336
111  76.53198223 -068.76240736
112  76.53198223 -068.76240736  76.53195893 -068.76240136 53 102
111  76.53024963 -068.76174162
111  76.52973223 -068.76157736 53 102
111  76.52948961 -068.76148924 53 102
111  76.52949913 -068.76122677 53 102
111  76.52816065 -068.76061108
111  76.52819689 -068.75919552 53 102
112  76.52970602 -068.75990502  76.52981292 -068.75994872 53 102
111  76.52986761 -068.75997865
111  76.53028183 -068.76014765 53 102
112  76.53040211 -068.76073111  76.53053791 -068.76078724 53 102
112  76.53196883 -068.76129017  76.53210370 -068.76130567 53 102
112  76.53223972 -068.76008315  76.53225716 -068.75953851 53 102
111  76.53237651 -068.75630409 53 102
112  76.53301303 -068.73686967  76.53303269 -068.73625079 53 102
112  76.53310048 -068.73526298  76.53313874 -068.73466193 53 102
112  76.53338488 -068.73203366  76.53342724 -068.73158423 53 102
112  76.53332622 -068.73079178  76.53322835 -068.73062421 53 102
112  76.53112823 -068.72753209  76.53105209 -068.72739878 53 102
112  76.53092129 -068.72847564  76.53090062 -068.72948861
111  76.53092129 -068.72847564
111  76.53059181 -068.72635978
111  76.53099061 -068.72479147
112  76.53099061 -068.72479147  76.53096528 -068.72564438 53 102
112  76.53120569 -068.72663263  76.53139464 -068.72693666 53 102
112  76.53335409 -068.72977583  76.53344645 -068.72992679 53 102
112  76.53359370 -068.72941387  76.53363439 -068.72896199 53 102
112  76.53376729 -068.72752389  76.53382441 -068.72690187 53 102
112  76.53454648 -068.71853851  76.53460727 -068.71781017 53 102
112  76.53474678 -068.71514414  76.53477982 -068.71391800 53 102
114  76.53472610 -068.71123741  76.53468325 -068.71014469 53 102
110 5 0.00 74.2800 Taxiway
112  76.52740695 -068.76158865  76.52723284 -068.76231927
112  76.52657597 -068.76751172  76.52643998 -068.76890376
112  76.52543624 -068.78309192  76.52540009 -068.78354868
112  76.52556436 -068.78532325  76.52576656 -068.78655253
112  76.52586049 -068.78713328  76.52597285 -068.78784787
112  76.52590742 -068.78957030  76.52583296 -068.79072935
112  76.52547561 -068.79516928  76.52543137 -068.79598043
111  76.52547561 -068.79516928
112  76.52547561 -068.79516928  76.52545701 -068.79551044
112  76.52568474 -068.79667114  76.52581438 -068.79693116
111  76.52601701 -068.79730567
111  76.52589651 -068.79907944
111  76.52637500 -068.79971860
111  76.52571943 -068.80869982
111  76.52450122 -068.80687145
112  76.52576000 -068.78884956  76.52578506 -068.78840040
112  76.52568903 -068.78751384  76.52562401 -068.78709009
111  76.52529616 -068.78511882
111  76.52514188 -068.78705519
111  76.52497046 -068.78679287
112  76.52644491 -068.76686597  76.52657773 -068.76544172
112  76.52712730 -068.76189315  76.52718972 -068.76145377
111  76.52741565 -068.76046154
112  76.52730282 -068.75924536  76.52720710 -068.75913819
112  76.52703002 -068.75905355  76.52691765 -068.75899997
111  76.52683583 -068.76022412
111  76.52650644 -068.76003599
111  76.52656711 -068.75676884
111  76.52689147 -068.75696445
112  76.52704949 -068.75813030  76.52717572 -068.75820621
112  76.52757483 -068.75834350  76.52774754 -068.75839708
111  76.52782960 -068.75769599
111  76.52785382 -068.75638403
112  76.52766241 -068.75546344  76.52748262 -068.75536699
111  76.52740834 -068.75611715
111  76.52739945 -068.75655753
111  76.52704672 -068.75646019
111  76.52711782 -068.75322265
111  76.52747276 -068.75337377
111  76.52746742 -068.75385633
112  76.52769557 -068.75467041  76.52786287 -068.75474543
111  76.52792506 -068.75318448
111  76.52795871 -068.75322179
113  76.52780000 -068.76067760
110 5 0.25 138.1200 Taxiway
112  76.53063638 -068.62837192  76.53063006 -068.62967477
111  76.53062083 -068.63099422
111  76.53041347 -068.63095136
112  76.53043719 -068.62869761  76.53044439 -068.62759517
112  76.53016669 -068.62664550  76.53006265 -068.62640269
111  76.52998454 -068.62624197
112  76.52967643 -068.62663781  76.52955777 -068.62754839
111  76.52980935 -068.62811941
111  76.52967722 -068.62949562
111  76.52819475 -068.62665153
111  76.52836219 -068.62511045
112  76.52870599 -068.62480255  76.52878922 -068.62399870
111  76.52859572 -068.62341298
112  76.52658931 -068.61932966  76.52639031 -068.61892966
112  76.52601686 -068.61923182  76.52580370 -068.61945724
112  76.52262646 -068.62274648  76.52241747 -068.62302548
112  76.52236583 -068.62478424  76.52241083 -068.62570424
112  76.52278195 -068.63448435  76.52282446 -068.63542577
112  76.52288828 -068.63701402  76.52293326 -068.63783024
111  76.52301302 -068.63843636
112  76.52338413 -068.63899774  76.52357890 -068.63848350
111  76.52343832 -068.63745439
111  76.52374828 -068.63665339
111  76.52414672 -068.63937025
111  76.52382556 -068.64020410
112  76.52348120 -068.63979650  76.52331141 -068.64032146
111  76.52345767 -068.64144685
112  76.52395645 -068.64527582  76.52419040 -068.64742028
112  76.52543225 -068.65910469  76.52560520 -068.66079835
111  76.52598047 -068.66045310
111  76.52611840 -068.66130878
112  76.52547965 -068.66370433  76.52532865 -068.66438533
112  76.52478965 -068.66677606  76.52461777 -068.66794624
111  76.52478965 -068.66677606
112  76.52478965 -068.66677606  76.52473199 -068.66716863
111  76.52459939 -068.66839488
112  76.52470430 -068.67022365  76.52493802 -068.67049365
111  76.52502338 -068.66934770
111  76.52538472 -068.66967794
112  76.52524017 -068.67312291  76.52521920 -068.67487152
111  76.52526801 -068.67685977
111  76.52491686 -068.67687639
112  76.52465489 -068.67566301  76.52442620 -068.67566301
111  76.52440172 -068.67690113
112  76.52456373 -068.68618047  76.52460203 -068.68736790
112  76.52485144 -068.69088934  76.52500437 -068.69237851
111  76.52588672 -068.69873501
112  76.52626897 -068.69944137  76.52648471 -068.69893217
111  76.52633611 -068.69785531
111  76.52665518 -068.69710006
111  76.52701901 -068.69989109
111  76.52675538 -068.70055094
112  76.52638320 -068.70015187  76.52619982 -068.70063022
111  76.52630752 -068.70169928
112  76.52857564 -068.71835754  76.52866491 -068.71896728
111  76.52857564 -068.71835754
112  76.52857564 -068.71835754  76.52873306 -068.71943281
112  76.52925652 -068.72139785  76.52953367 -068.72233858
112  76.53000546 -068.72367231  76.53014120 -068.72406714
112  76.53053214 -068.72247759  76.53055514 -068.72138459
111  76.53053214 -068.72247759
111  76.53072149 -068.72592714
111  76.53041577 -068.72832786
112  76.53041577 -068.72832786  76.53043877 -068.72723486
112  76.53007724 -068.72492184  76.52991285 -068.72434919
112  76.52928934 -068.72258543  76.52910434 -068.72208043
112  76.52874969 -068.72370774  76.52873669 -068.72464674
112  76.52815156 -068.75640110  76.52814815 -068.75688723
111  76.52824790 -068.75715479
111  76.52816065 -068.76061108
111  76.52780000 -068.76067760
111  76.52801722 -068.74966484
111  76.52799549 -068.74965825
112  76.52785115 -068.74805054  76.52763266 -068.74781238
111  76.52756969 -068.74857153
111  76.52755634 -068.74917901
111  76.52718971 -068.74900325
111  76.52726732 -068.74577302
111  76.52763780 -068.74589258
111  76.52763025 -068.74635374
112  76.52786177 -068.74717978  76.52808026 -068.74717978
111  76.52807490 -068.74566153
111  76.52809601 -068.74566500
111  76.52841023 -068.72964041
112  76.52818468 -068.72833283  76.52796745 -068.72824709
111  76.52795089 -068.72942607
111  76.52758114 -068.72932952
111  76.52772269 -068.72228835
111  76.52809632 -068.72249212
112  76.52823177 -068.72368159  76.52836910 -068.72389594
112  76.52852771 -068.72286260  76.52857317 -068.72210580
112  76.52838004 -068.71859802  76.52828504 -068.71793002
111  76.52838004 -068.71859802
112  76.52838004 -068.71859802  76.52832297 -068.71819678
111  76.52594534 -068.70069125
112  76.52558716 -068.70023142  76.52541237 -068.70064930
111  76.52553737 -068.70169743
111  76.52520995 -068.70257671
111  76.52437128 -068.69653340
111  76.52466509 -068.69565565
112  76.52502847 -068.69624538  76.52524321 -068.69575249
111  76.52507242 -068.69439753
112  76.52466437 -068.69112058  76.52452232 -068.68983413
112  76.52437640 -068.68649199  76.52435120 -068.68524643
112  76.52414416 -068.67283759  76.52416438 -068.67140280
111  76.52423754 -068.66992940
112  76.52407742 -068.66858505  76.52386067 -068.66825023
111  76.52375987 -068.66938900
111  76.52343367 -068.66883038
111  76.52371641 -068.66580632
111  76.52403349 -068.66635492
112  76.52414348 -068.66783677  76.52431688 -068.66815671
111  76.52443275 -068.66755155
112  76.52466898 -068.66597265  76.52478631 -068.66517931
112  76.52524689 -068.66339595  76.52539789 -068.66271495
112  76.52537319 -068.66028380  76.52527737 -068.65933458
112  76.52385487 -068.64626607  76.52368395 -068.64468533
111  76.52321476 -068.64151753
112  76.52280746 -068.64064565  76.52258093 -068.64112384
111  76.52272438 -068.64243521
111  76.52245028 -068.64313449
111  76.52158912 -068.63708334
111  76.52190313 -068.63630762
111  76.52198950 -068.63685022
112  76.52217440 -068.63687679  76.52226367 -068.63668638
112  76.52248729 -068.63610834  76.52259480 -068.63581910
112  76.52257641 -068.63457257  76.52253900 -068.63364999
112  76.52217271 -068.62447937  76.52214705 -068.62349298
112  76.52255109 -068.62203106  76.52276009 -068.62175206
111  76.52317911 -068.62133997
112  76.52335654 -068.61984840  76.52329062 -068.61887135
111  76.52304268 -068.61915413
111  76.52295554 -068.61775796
111  76.52453884 -068.61615303
111  76.52463331 -068.61769107
112  76.52442904 -068.61893230  76.52449563 -068.61988767
111  76.52475509 -068.61967372
112  76.52595947 -068.61840344  76.52618716 -068.61815117
112  76.52665753 -068.61850998  76.52685652 -068.61890998
111  76.52847970 -068.62217607
112  76.52884542 -068.62165319  76.52893906 -068.62079575
111  76.52870345 -068.62035805
111  76.52886370 -068.61895556
111  76.52955660 -068.62026642
111  76.52940532 -068.62157268
112  76.52904065 -068.62211768  76.52894285 -068.62306444
111  76.52925336 -068.62373224
114  76.53010076 -068.62543482  76.53038299 -068.62599858
111  76.52847467 -068.72552898
112  76.52826832 -068.72465560  76.52810394 -068.72456629
111  76.52804071 -068.72532422
111  76.52801614 -068.72669497
112  76.52822101 -068.72753746  76.52839788 -068.72764463
113  76.52845371 -068.72673094
111  76.52539040 -068.69710081
112  76.52511773 -068.69704056  76.52497090 -068.69745202
111  76.52504850 -068.69817617
111  76.52521740 -068.69934214
112  76.52549228 -068.69944500  76.52563610 -068.69911070
113  76.52556308 -068.69827154
111  76.52487535 -068.67227136
112  76.52465631 -068.67112926  76.52444906 -068.67102212
111  76.52439173 -068.67194949
111  76.52438454 -068.67395171
112  76.52466840 -068.67487823  76.52489063 -068.67483537
113  76.52485587 -068.67361186
111  76.52278217 -068.63885972
111  76.52262148 -068.63774685
112  76.52236221 -068.63758105  76.52220268 -068.63796047
111  76.52223148 -068.63858243
111  76.52240588 -068.63981641
114  76.52267226 -068.63998834  76.52284566 -068.63958659
112  76.52421516 -068.61901158  76.52416314 -068.61828837
111  76.52401615 -068.61834768
111  76.52367189 -068.61872445
112  76.52356677 -068.61975188  76.52361879 -068.62052866
111  76.52378701 -068.62049399
113  76.52412884 -068.62010400
111  76.52915493 -068.62464650
112  76.52889449 -068.62517096  76.52881334 -068.62595694
111  76.52895658 -068.62637671
111  76.52925223 -068.62696191
112  76.52948778 -068.62640565  76.52956061 -068.62570896
113  76.52945557 -068.62525313
110 2 0.00 1.5800 Apron
111  76.53474821 -068.74771987 3 102
112  76.53418784 -068.75860421  76.53416651 -068.75903400 3 102
112  76.53398993 -068.75907384  76.53387029 -068.75911023 3 102
112  76.53344151 -068.75885746  76.53328778 -068.75871679 3 102
112  76.53331899 -068.75917350  76.53339408 -068.75943336 3 102
112  76.53372889 -068.76039598  76.53383030 -068.76068822 3 102
111  76.53379512 -068.76133431 3 102
112  76.53339748 -068.76580528  76.53342878 -068.76647435 3 102
112  76.53324055 -068.76865219  76.53320493 -068.76896228 3 102
112  76.53305350 -068.76895645  76.53300879 -068.76883817 3 102
112  76.53260345 -068.76770447  76.53255709 -068.76758563 3 102
112  76.53254215 -068.76711676  76.53255612 -068.76684458 3 102
112  76.53273139 -068.76485272  76.53260856 -068.76447210 3 102
111  76.53249141 -068.76409857 53 102
111  76.53245679 -068.76337944
111  76.53271716 -068.75781274 53 102
111  76.53338663 -068.74617531 3 102
111  76.53293833 -068.74581798
111  76.53301758 -068.74339538 3 102
112  76.53322742 -068.74485549  76.53345261 -068.74503646 3 102
111  76.53350269 -068.74375030 3 102
112  76.53371069 -068.74022802  76.53372874 -068.73981586 3 102
112  76.53353933 -068.73904547  76.53342658 -068.73885210 3 102
111  76.53327448 -068.73911078
111  76.53336203 -068.73722932 3 102
112  76.53356254 -068.73727323  76.53364404 -068.73710878 3 102
112  76.53374895 -068.73605555  76.53380068 -068.73547733 3 102
112  76.53402545 -068.73289814  76.53409191 -068.73200611 3 102
111  76.53395093 -068.73163874
111  76.53413871 -068.72930013 3 102
112  76.53447877 -068.72922328  76.53458579 -068.72901697 3 102
112  76.53466690 -068.72773466  76.53467012 -068.72710499 3 102
112  76.53468453 -068.72346068  76.53468475 -068.72256022 3 102
112  76.53459764 -068.72218496  76.53452773 -068.72202144 3 102
111  76.53447011 -068.72226668
112  76.53493644 -068.71405995  76.53494068 -068.71100482
111  76.53449242 -068.70093373 3 102
112  76.53469654 -068.70136716  76.53484363 -068.70160059 3 102
111  76.53496661 -068.70115996 3 102
111  76.53502453 -068.70016841 3 102
111  76.53592339 -068.69960252 3 102
111  76.53624732 -068.70942988 3 102
111  76.53629293 -068.71837995 3 102
111  76.53624708 -068.72791648 3 102
113  76.53573816 -068.73546812 3 102
110 2 0.00 0.0000 Apron
111  76.53543995 -068.65181157 3 102
111  76.53532674 -068.65869569 3 102
111  76.53493379 -068.65855877 3 102
111  76.53492087 -068.65782863 3 102
112  76.53468439 -068.65737768  76.53450630 -068.65749260 3 102
111  76.53449441 -068.65865052
111  76.53426572 -068.65744991 3 102
112  76.53410044 -068.65564820  76.53402975 -068.65551384 3 102
112  76.53361367 -068.65484490  76.53353252 -068.65469260 3 102
112  76.53346325 -068.65421817  76.53342883 -068.65395543 3 102
112  76.53308729 -068.65119858  76.53303083 -068.65084951 3 102
112  76.53284423 -068.65046806  76.53268389 -068.65041958 3 102
111  76.53248842 -068.65154363
111  76.53264399 -068.64370427 3 102
112  76.53339660 -068.64470296  76.53369795 -068.64552678 3 102
112  76.53389817 -068.64670062  76.53395915 -068.64705940 3 102
111  76.53404910 -068.64771816 3 102
111  76.53381940 -068.64821238 3 102
112  76.53398610 -068.64887044  76.53406282 -068.64894415 3 102
112  76.53427799 -068.64877287  76.53440920 -068.64860198 3 102
111  76.53444745 -068.64819878 3 102
111  76.53442526 -068.64746643 3 102
111  76.53480101 -068.64727216 3 102
111  76.53490752 -068.65026703 3 102
111  76.53455073 -068.65065568 3 102
111  76.53443808 -068.64963943 3 102
112  76.53419770 -068.64979129  76.53413048 -068.65007993 3 102
111  76.53413989 -068.65061879 3 102
112  76.53423782 -068.65145274  76.53427805 -068.65178940 3 102
111  76.53434797 -068.65236499 3 102
112  76.53451762 -068.65264175  76.53463464 -068.65265938 3 102
111  76.53487807 -068.65276941 3 102
112  76.53501844 -068.65243993  76.53505950 -068.65216662 3 102
113  76.53508711 -068.65169399 3 102
112  76.53493163 -068.65376034  76.53487982 -068.65361602 53 102
112  76.53462551 -068.65365135  76.53456109 -068.65380168 53 102
112  76.53450014 -068.65436001  76.53450714 -068.65474486 53 102
112  76.53456571 -068.65603447  76.53460211 -068.65649148 53 102
112  76.53485935 -068.65643691  76.53494057 -068.65632266 53 102
112  76.53499387 -068.65568202  76.53500927 -068.65533926 53 102
114  76.53501812 -068.65444039  76.53500551 -068.65416980 53 102
110 2 0.25 85.0000 Apron
112  76.53440199 -068.68099327  76.53443995 -068.68087875 53 102
112  76.53449395 -068.68044325  76.53449860 -068.68025970 53 102
111  76.53451392 -068.67906166 53 102
112  76.53445479 -068.67853582  76.53440205 -068.67834678 53 102
111  76.53433179 -068.67829371
111  76.53434321 -068.67743596 53 102
112  76.53451358 -068.67712330  76.53457286 -068.67683453 53 102
111  76.53457788 -068.67629808 53 102
111  76.53495256 -068.67646425 53 102
111  76.53482068 -068.68341375 53 102
111  76.53443679 -068.68331140 53 102
112  76.53441727 -068.68247185  76.53438448 -068.68214330 53 102
111  76.53425481 -068.68200799
113  76.53427483 -068.68116513 53 102
110 2 0.25 85.0000 Apron
111  76.53532347 -068.68415754 53 102
111  76.53526345 -068.68737575 53 102
111  76.53488502 -068.68725319 53 102
112  76.53487994 -068.68654091  76.53486851 -068.68630342 53 102
111  76.53475275 -068.68599831
111  76.53477203 -068.68517228 53 102
112  76.53490171 -068.68483282  76.53493841 -068.68464958 53 102
113  76.53495674 -068.68403308 53 102
110 2 0.25 85.0000 Apron
111  76.53235208 -068.76432484 53 102
111  76.53193290 -068.76336072 53 102
111  76.53023418 -068.76269814
111  76.52980027 -068.76251845 53 102
111  76.52828121 -068.76182821 53 102
111  76.52820675 -068.76152242 53 102
111  76.52816065 -068.76061108
111  76.52819689 -068.75919552 53 102
111  76.52824790 -068.75715479 53 102
111  76.52826542 -068.75652075 53 102
111  76.52944601 -068.75709233 53 102
112  76.52973796 -068.75642207  76.52984830 -068.75559780 53 102
111  76.52999297 -068.75396515
111  76.53041715 -068.75330039 53 102
112  76.53049287 -068.75479825  76.53053444 -068.75533358 3 102
112  76.53073236 -068.75671376  76.53084725 -068.75732655 3 102
112  76.53108463 -068.75777248  76.53126222 -068.75782157 3 102
112  76.53199955 -068.75809954  76.53215622 -068.75814072 53 102
111  76.53236366 -068.75653559
111  76.53237651 -068.75630409
111  76.53255817 -068.75661958 53 102
111  76.53247496 -068.75965197
111  76.53251912 -068.76164494
111  76.53245679 -068.76337944
113  76.53249141 -068.76409857 53 102
110 2 0.25 85.0000 Apron
111  76.52935690 -068.65836865 52 102
111  76.52944043 -068.65888995 52 102
111  76.52904542 -068.67967454 52 102
111  76.52895918 -068.68016153 52 102
111  76.52723327 -068.67952421 52 102
111  76.52715027 -068.67915635 52 102
111  76.52749583 -068.66086087 52 102
111  76.52756923 -068.66062590 52 102
111  76.52808302 -068.66079712 52 102
112  76.52820453 -068.66063794  76.52826062 -068.66047942 52 102
111  76.52828195 -068.66015591
111  76.52832431 -068.65859166
111  76.52817893 -068.65761158 52 102
114  76.52834089 -068.65794978  76.52839803 -068.65798268 52 102
110 1 0.00 311.1900 Taxiway
111  76.52723823 -068.65108254
111  76.52848196 -068.64643930
111  76.52873688 -068.64759647
112  76.52867475 -068.64905240  76.52880792 -068.64978465
111  76.52901295 -068.64923821
111  76.52781097 -068.65376736
112  76.52784604 -068.65218791  76.52771734 -068.65147427
113  76.52748997 -068.65223396
112  76.52850087 -068.64963811  76.52838768 -068.64912124
111  76.52826216 -068.64943261
111  76.52797069 -068.65052773
112  76.52800918 -068.65162555  76.52812719 -068.65215275
111  76.52827309 -068.65179508
113  76.52852370 -068.65087362
110 1 0.00 311.1900 Taxiway
111  76.52942147 -068.65376773
111  76.52883364 -068.65595064
111  76.52858939 -068.65470278
112  76.52865501 -068.65329730  76.52852322 -068.65256045
111  76.52828774 -068.65309033
111  76.52882941 -068.65104522
112  76.52881111 -068.65256055  76.52893846 -068.65327864
113  76.52914820 -068.65257941
130 Airport Boundary
111  76.53190699 -068.77612764
111  76.52768010 -068.78849840
111  76.52697658 -068.79855478
111  76.52575434 -068.81091937
111  76.52383114 -068.80847099
111  76.52361180 -068.80148237
111  76.52498958 -068.76881507
111  76.52642192 -068.75140431
111  76.52662363 -068.71502835
111  76.52263469 -068.68487288
111  76.52316075 -068.66821883
111  76.52348724 -068.66116065
111  76.52106960 -068.63923420
111  76.52151362 -068.61861266
111  76.52638388 -068.61400620
111  76.53115562 -068.62256889
111  76.53310864 -068.62811727
111  76.53462986 -068.63603858
111  76.53629960 -068.65269520
111  76.53684384 -068.67734785
111  76.53658527 -068.68500795
111  76.53672459 -068.68947180
111  76.53755649 -068.69355428
111  76.53868506 -068.69842513
111  76.53887489 -068.70650488
111  76.53839590 -068.71959017
111  76.53867596 -068.73487136
111  76.54012703 -068.74971487
111  76.53889070 -068.75413031
111  76.54104026 -068.76951276
111  76.53884735 -068.77694312
113  76.53316922 -068.78461979
120 Taxi hold short
111  76.53081437 -068.75718167 54
115  76.53069722 -068.76287151
120 Taxi hold short
111  76.52947866 -068.76236903 54
115  76.52959519 -068.75703318
120 Taxi hold short
111  76.53229551 -068.68482844 54
115  76.53225365 -068.68688281
120 Taxi hold short
111  76.53143121 -068.72642863 54
115  76.53139092 -068.72847009
120 Taxi A hold short
111  76.53310414 -068.64415389 54
115  76.53297813 -068.65063353
120 Centreline for Path
111  76.53535645 -068.73081606 51
112  76.53516755 -068.73057025  76.53504473 -068.73041903 51
112  76.53493113 -068.72884613  76.53493728 -068.72799337 51
112  76.53493186 -068.72686192  76.53493046 -068.72607753 51
112  76.53493286 -068.72513161  76.53492857 -068.72454181 51
112  76.53492909 -068.72363728  76.53492424 -068.72284420 51
112  76.53492032 -068.72180443  76.53491399 -068.72122943 51
112  76.53482385 -068.71983664  76.53479782 -068.71911294 51
116  76.53481639 -068.71625899  76.53483921 -068.71551286
120 Centreline for Path
111  76.53515776 -068.73336811 51
112  76.53490158 -068.73290788  76.53473308 -068.73260516 51
112  76.53476594 -068.73135184  76.53478624 -068.73116782 51
112  76.53479741 -068.73105557  76.53481718 -068.73087966 51
116  76.53493113 -068.72884613  76.53493632 -068.72805546
120 Centreline for Path
111  76.53492760 -068.73559983 51
112  76.53470145 -068.73519618  76.53453534 -068.73486994 51
112  76.53454840 -068.73360501  76.53461247 -068.73287047 51
112  76.53455271 -068.73355560  76.53461678 -068.73282106 51
112  76.53437736 -068.73172559  76.53421254 -068.73138151 51
112  76.53399218 -068.73093019  76.53381879 -068.73057240 51
116  76.53355712 -068.73141478  76.53351644 -068.73189087
120 Centreline for Path
111  76.53474347 -068.73786241 51
112  76.53452075 -068.73745901  76.53435146 -068.73716443 51
112  76.53417102 -068.73807311  76.53411247 -068.73873584 51
112  76.53397833 -068.74065440  76.53394082 -068.74125938 51
112  76.53375368 -068.74463154  76.53370460 -068.74545994 51
112  76.53354087 -068.74810042  76.53349179 -068.74889010 51
112  76.53291601 -068.75884129  76.53287357 -068.75949294 51
112  76.53275510 -068.76031810  76.53265764 -068.76082827 51
112  76.53249952 -068.76141223  76.53240865 -068.76168492 51
116  76.53208122 -068.76184946  76.53183218 -068.76174494
120 Centreline for Path
111  76.53459947 -068.73982293 51
112  76.53432537 -068.73946977  76.53415075 -068.73927097 51
112  76.53381229 -068.73882084  76.53362612 -068.73858353 51
112  76.53344508 -068.73847936  76.53326404 -068.73837519 51
116  76.53312137 -068.73712903  76.53315272 -068.73635635
120 Centreline for Path
111  76.53528661 -068.72592349 51
112  76.53508305 -068.72594908  76.53497882 -068.72596535 51
116  76.53493286 -068.72513161  76.53492857 -068.72454181
120 Centreline for Path
111  76.53538228 -068.72093528 51
112  76.53514221 -068.72094240  76.53495965 -068.72096765 51
116  76.53482385 -068.71983664  76.53479782 -068.71911294
120 Centreline for Path
111  76.53515253 -068.70823654 51
112  76.53497640 -068.70838456  76.53479715 -068.70853521 51
116  76.53475558 -068.70970171  76.53478726 -068.71046798
120 Centreline for Path
111  76.53488332 -068.70295598 51
112  76.53475271 -068.70303363  76.53457178 -068.70314120 51
116  76.53452248 -068.70435822  76.53455471 -068.70511317
120 Centreline for Taxi
112  76.53012281 -068.75769948  76.53009761 -068.75925971 51 101
112  76.53033232 -068.76119252  76.53058637 -068.76128974 51 101
112  76.53122406 -068.76155593  76.53154373 -068.76167260 51 101
112  76.53208122 -068.76184946  76.53236752 -068.76193797 51 101
116  76.53237074 -068.75937618  76.53239328 -068.75869630
120 Centreline for Taxi A
112  76.53275510 -068.76031810  76.53265764 -068.76082827 51
112  76.53248397 -068.76078025  76.53243907 -068.76065289 51
112  76.53237074 -068.75937618  76.53239701 -068.75851226 51 101
112  76.53296501 -068.74168917  76.53299141 -068.74089646 51 101
112  76.53303469 -068.73952538  76.53306102 -068.73882105 51 101
112  76.53312137 -068.73712903  76.53315272 -068.73635635 51 101
112  76.53322234 -068.73526175  76.53327047 -068.73453708 51 101
112  76.53352129 -068.73184069  76.53355296 -068.73144069 51 101
112  76.53361298 -068.73080984  76.53365945 -068.73029847 51 101
112  76.53381693 -068.72850071  76.53387450 -068.72787631 51 101
112  76.53411010 -068.72511586  76.53417285 -068.72440124 51 101
112  76.53437938 -068.72197522  76.53444426 -068.72120948 51 101
112  76.53454012 -068.72011583  76.53460787 -068.71933898 51 101
112  76.53471318 -068.71798238  76.53476423 -068.71722706 51 101
112  76.53481639 -068.71625899  76.53484938 -068.71547832 51 101
112  76.53487187 -068.71437793  76.53487489 -068.71369871 51 101
112  76.53484803 -068.71219255  76.53482766 -068.71140497 51 101
112  76.53475558 -068.70970171  76.53472389 -068.70893543 51 101
112  76.53465656 -068.70743527  76.53462211 -068.70665978 51 101
112  76.53452248 -068.70435822  76.53449024 -068.70360326 51 101
112  76.53441832 -068.70203890  76.53438422 -068.70124152 51 101
112  76.53383018 -068.68811333  76.53381551 -068.68731577 51 101
112  76.53382299 -068.68622425  76.53383374 -068.68544125 51 101
112  76.53386538 -068.68358716  76.53387753 -068.68280408 51 101
112  76.53388049 -068.68261465  76.53389094 -068.68183158 51 101
112  76.53392300 -068.68034105  76.53393365 -068.67955802 51 101
112  76.53395203 -068.67886865  76.53396592 -068.67807867 51 101
112  76.53400487 -068.67636162  76.53401587 -068.67573295 51 101
112  76.53436230 -068.65828577  76.53437738 -068.65750407 51 101
112  76.53436235 -068.65590082  76.53434209 -068.65522402 51 101
112  76.53428935 -068.65462152  76.53425151 -068.65424796 51 101
112  76.53406389 -068.65258612  76.53397058 -068.65185857 51 101
112  76.53380495 -068.65059698  76.53370953 -068.64988343 51 101
112  76.53355879 -068.64882939  76.53346046 -068.64818089 51 101
116  76.53324273 -068.64724359  76.53310631 -068.64689793
120 Centreline for Taxi C
112  76.53382299 -068.68622425  76.53383374 -068.68544125 51 101
112  76.53362000 -068.68478720  76.53346891 -068.68481675 51 101
112  76.53322624 -068.68499510  76.53310695 -068.68508910 51 101
112  76.53256953 -068.68556506  76.53238127 -068.68574870 51 101
116  76.53203654 -068.68604430  76.53186007 -068.68622643
120 Centreline for Taxi
112  76.53203654 -068.68604430  76.53186193 -068.68627445 51 101
116  76.53162247 -068.68404610  76.53164422 -068.68295217
120 Centreline for Taxi B
112  76.53370313 -068.72978093  76.53365881 -068.73028658 51 101
112  76.53336749 -068.73031623  76.53322420 -068.73011660 51 101
112  76.53268203 -068.72930527  76.53248461 -068.72900819 51 101
112  76.53174441 -068.72793184  76.53157428 -068.72764647 51 101
116  76.53106178 -068.72692231  76.53089050 -068.72664989
120 Centreline for Taxi
112  76.53106178 -068.72692231  76.53089050 -068.72664988 51 101
116  76.53079445 -068.72467350  76.53081683 -068.72357986
120 Centreline for Taxi
112  76.53235190 -068.64837144  76.53237363 -068.64727751 51 101
112  76.53277035 -068.64646848  76.53297815 -068.64660529 51 101
116  76.53324273 -068.64724359  76.53337914 -068.64758924
120 Centreline for Taxi
112  76.53436230 -068.65828577  76.53437738 -068.65750407 51
112  76.53463400 -068.65692239  76.53474990 -068.65691278 51
112  76.53491567 -068.65691805  76.53502616 -068.65692010 51
112  76.53504131 -068.65683738  76.53507138 -068.65674918 51
112  76.53508960 -068.65569787  76.53510534 -068.65506746 51
112  76.53511416 -068.65464345  76.53512816 -068.65402052 51
112  76.53507448 -068.65350395  76.53502898 -068.65329982 51
112  76.53481912 -068.65317182  76.53470897 -068.65313648 51
116  76.53449039 -068.65329838  76.53434957 -068.65346547
120 Centreline for Path
112  76.53454840 -068.73360501  76.53448433 -068.73433955 51
112  76.53437353 -068.73561528  76.53434752 -068.73588670 51
112  76.53433211 -068.73606613  76.53430628 -068.73636275 51
116  76.53417102 -068.73807311  76.53411247 -068.73873584
120 Centreline for Taxi
112  76.53071700 -068.72846512  76.53073991 -068.72737175 51 101
116  76.53106178 -068.72692231  76.53123306 -068.72719473
120 Centreline for Taxi
112  76.53151351 -068.68927381  76.53155791 -068.68647802 51 101
116  76.53203654 -068.68604430  76.53221115 -068.68581415
120 Centreline for Taxi join
112  76.53344508 -068.73847936  76.53326404 -068.73837519 51
116  76.53303469 -068.73952538  76.53300836 -068.74022971
120 Centreline for Taxi join
112  76.53336749 -068.73031623  76.53351077 -068.73051585 51 101
116  76.53352129 -068.73184069  76.53348962 -068.73224069
120 Centreline for Taxi join
112  76.53382299 -068.68622425  76.53383374 -068.68544125 51
116  76.53414931 -068.68535460  76.53429964 -068.68541683
120 Centreline for Taxi join
112  76.53386538 -068.68358716  76.53385324 -068.68437024 51 101
116  76.53362000 -068.68478720  76.53346891 -068.68481675
120 Centreline for Taxi join
112  76.53386538 -068.68356131  76.53384094 -068.68461729 51
116  76.53414931 -068.68535460  76.53434269 -068.68540802
120 Centreline for Taxi join
112  76.53362000 -068.68478720  76.53377109 -068.68475766 51
116  76.53414931 -068.68535460  76.53429501 -068.68541683
120 Centreline for Taxi join
112  76.53436235 -068.65590082  76.53438261 -068.65657761 51
116  76.53463400 -068.65692239  76.53474180 -068.65692769
120 Centreline for Taxi join
112  76.53406389 -068.65258612  76.53415720 -068.65331367 51
116  76.53449039 -068.65329838  76.53463121 -068.65313129
120 Centreline for Taxi join
112  76.53428935 -068.65462152  76.53424535 -068.65419505 51
116  76.53449039 -068.65329838  76.53463121 -068.65313129
120 Centreline for Taxi join
112  76.53388049 -068.68261465  76.53389771 -068.68187523 51
116  76.53417013 -068.68153504  76.53431615 -068.68155587
120 Centreline for Taxi join
112  76.53392300 -068.68034105  76.53391235 -068.68112408 51
116  76.53417013 -068.68153504  76.53431615 -068.68155587
120 Centreline for Taxi join
112  76.53395203 -068.67886865  76.53396592 -068.67807867 51
116  76.53423242 -068.67779478  76.53437792 -068.67785159
120 Centreline for Taxi join
112  76.53400487 -068.67636162  76.53399387 -068.67699029 51
116  76.53423242 -068.67779478  76.53437792 -068.67785159
120 Centreline for Taxi join
112  76.53482385 -068.71983664  76.53479782 -068.71911294 51
116  76.53454012 -068.72011583  76.53446622 -068.72083315
120 Centreline for Path
112  76.53493186 -068.72686192  76.53493046 -068.72607753 51
116  76.53508305 -068.72594908  76.53518727 -068.72593282
120 Centreline for Path
112  76.53479741 -068.73105557  76.53489943 -068.73040493 51
116  76.53516755 -068.73057025  76.53529037 -068.73072147
120 Centreline for Path
112  76.53433211 -068.73606613  76.53427091 -068.73680517 51
116  76.53452075 -068.73745901  76.53469003 -068.73775360
120 Centreline for Path
112  76.53417102 -068.73807311  76.53411247 -068.73873584 51
116  76.53381229 -068.73882084  76.53362612 -068.73858353
120 Centreline for Path
112  76.53417102 -068.73807311  76.53411247 -068.73873584 51
116  76.53432537 -068.73946977  76.53449999 -068.73966856
120 Centreline for Path
112  76.53397833 -068.74065440  76.53403821 -068.73991339 51
116  76.53381229 -068.73882084  76.53362612 -068.73858353
120 Centreline for Path
112  76.53397833 -068.74065440  76.53403821 -068.73991339 51
116  76.53432537 -068.73946977  76.53449999 -068.73966856
120 Centreline for Taxi join
112  76.53381693 -068.72850071  76.53375936 -068.72912512 51
116  76.53394443 -068.73083760  76.53411104 -068.73117603
120 Centreline for Path
112  76.53476594 -068.73135184  76.53470225 -068.73205434 51
116  76.53455271 -068.73355560  76.53448864 -068.73429015
120 Centreline for Path
112  76.53476594 -068.73135184  76.53466392 -068.73200248 51
116  76.53437736 -068.73172559  76.53423117 -068.73142152
120 Centreline for Path
112  76.53455271 -068.73355560  76.53461678 -068.73282106 51
116  76.53490158 -068.73290788  76.53507009 -068.73321060
120 Centreline for Path
112  76.53437736 -068.73172559  76.53452354 -068.73202966 51
116  76.53490158 -068.73290788  76.53507009 -068.73321060
120 Centreline for Path
112  76.53437353 -068.73561528  76.53442755 -068.73500810 51
116  76.53470145 -068.73519618  76.53486756 -068.73552243
120 Centreline for Path
112  76.53492032 -068.72180443  76.53491399 -068.72122943 51
116  76.53514221 -068.72094240  76.53532477 -068.72091716
120 Centreline for Taxi join
112  76.53465656 -068.70743527  76.53469100 -068.70820475 51
116  76.53497640 -068.70838456  76.53515566 -068.70823390
120 Centreline for Taxi join
112  76.53441832 -068.70203890  76.53445241 -068.70279992 51
116  76.53475271 -068.70303363  76.53493364 -068.70292606
120 Military Ramp  1
111  76.53535176 -068.73048248 51
115  76.53530514 -068.73103540
120 Military Ramp  2
111  76.53516871 -068.73304092 51
115  76.53512581 -068.73359936
120 Military Ramp  3
111  76.53493472 -068.73530459 51
115  76.53488758 -068.73585669
120 Military Ramp  4
111  76.53474360 -068.73754609 51
115  76.53470216 -068.73810653
120 Military Ramp  5
111  76.53460454 -068.73954300 51
115  76.53455926 -068.74009794
120 Mil Cargo Ramp  6
111  76.53511395 -068.70797528 51
115  76.53514029 -068.70855228
120 Mil Cargo Ramp  7
111  76.53484214 -068.70273540 51
115  76.53486094 -068.70331778
120 Mil Cargo Ramp  8
111  76.53522301 -068.72563396 51
115  76.53522865 -068.72622140
120 Mil Cargo Ramp  9
111  76.53532939 -068.72069417 51
115  76.53533381 -068.72128181
21  76.53058471 -068.75249014 2 84.9100 3.00 08T PAPI-4L
20  76.53181338 -068.76257996 355.0200 0 3 {@L}A{@Y}A{^r,@@,@L}A
20  76.53232653 -068.75617037 262.8100 0 3 {@L}A{@Y,^l}A{@@,@L}A
20  76.53076961 -068.76034024 172.0200 0 3 {@L}A{@R}08T{@@,@L}A
20  76.52947903 -068.76150086 353.0400 0 3 {@L}A{@R}08T{@@,@L}A
20  76.53357293 -068.73302927 69.3900 0 3 {@L}A{@Y,^l}APRON|B{^r,@@,@L}A
20  76.53305936 -068.73066653 339.6800 0 3 {@L}B{@Y,^l}A{^r}|APRON{^ru,@@,@L}B
20  76.53372991 -068.72740548 245.6900 0 3 {@L}A{@Y,^l}B|APRON{^r,@@,@L}A
20  76.53145353 -068.72670495 159.6800 0 3 {@L}B{@R}26T-08T{@@,@L}B
20  76.53230682 -068.68523209 193.5800 0 3 {@L}C{@R}26T-08T{@@,@L}C
20  76.53406532 -068.72906647 150.2900 0 3 {@Y,^l}A{^r}|B{^ru}
20  76.53332534 -068.68572929 11.9400 0 3 {@L}C{@Y,^ld}A{^ru,@@,@L}C
20  76.53342564 -068.73713340 167.6800 0 3 {@Y,^l}A{^r}
20  76.53460077 -068.72231688 142.7000 0 3 {@Y,^lu}A{^rd}
20  76.53424953 -068.68488973 174.7100 0 3 {@Y}{^l}A{^r}
20  76.53425424 -068.68102348 175.3500 0 3 {@Y,^l}A{^r}
20  76.53433222 -068.67727875 175.3600 0 3 {@Y,^l}A{^r}
20  76.53453610 -068.65915944 84.0200 0 3 {@L}A{@Y}A{^ru,@@,@L}A
20  76.53371587 -068.68248592 266.7200 0 3 {@L}A{@Y,^lu}C
20  76.53398813 -068.68796826 94.0000 0 3 {@L}A{@Y}C{^rd,@@,@L}A
20  76.53092798 -068.73043906 84.8600 0 3 {@Y,^ld}B
20  76.53060396 -068.72177429 264.9800 0 3 {@Y}B{^ru}
20  76.53139556 -068.68179004 264.4600 0 3 {@Y}C{^rd}
20  76.52995966 -068.75271715 264.8600 0 3 {@Y}A{^r}
20  76.53452623 -068.70111115 167.7800 0 3 {@Y}{^l}A{^r}
20  76.53477949 -068.70692768 189.0500 0 3 {@Y}{^l}A{^r}
20  76.53309792 -068.64545255 152.7800 0 3 {@L}A{@R}26T{@@,@L}A
20  76.53472913 -068.65750484 176.7800 0 3 {@Y,^lu}A{^r}
20  76.53464473 -068.65380488 196.5700 0 3 {@Y,^lu}A{^r}
20  76.53424527 -068.64986292 210.7900 0 3 {@Y,^lu}A{^r}
20  76.53251036 -068.65311130 85.1300 0 3 {@Y,^l}A
14  76.53575288 -068.71405448  98.43 0 Thule AB Tower
1300  76.53507671 -068.70279508   9.26 misc heavy|jets|turboprops Mil Cargo Ramp  1
1301 D none 
1300  76.53527947 -068.70814930   9.26 misc heavy|jets|turboprops Mil Cargo Ramp  2
1301 D none 
1300  76.53540650 -068.72094290 360.00 misc heavy|jets|turboprops Mil Cargo Ramp  3
1301 D none 
1300  76.53541085 -068.72590862 360.00 misc heavy|jets|turboprops Mil Cargo Ramp  4
1301 D none 
1300  76.53540175 -068.73095400 -21.93 misc jets|turboprops|props|helos Military Ramp  1
1301 D none 
1300  76.53518359 -068.73340460 -23.10 misc jets|turboprops|props|helos|fighters Military Ramp  2
1301 D none 
1300  76.53497692 -068.73569776 -21.51 misc jets|turboprops|props|helos|fighters Military Ramp  3
1301 D none 
1300  76.53476675 -068.73791312 -20.15 misc jets|turboprops|props|helos|fighters Military Ramp  4
1301 D none 
1300  76.53342893 -068.75617000 342.00 misc jets|turboprops|props|helos|fighters Military Ramp  5
1301 C none 
18  76.52787335 -068.71974830 4 Airport Beacon
19  76.53174419 -068.64371607 0 Windsock
19  76.53054050 -068.76348503 0 Windsock
53 11990 GND
54 12620 TWR
55 13410 APP
99
