I
1100 Generated by WorldEditor 2.2.0r2

1    414 1 0 BGUK Upernavik
1302 city Upernavik
1302 country Greenland
1302 datum_lat 72.790188889
1302 datum_lon -56.130586111
1302 faa_code 
1302 iata_code JUV
1302 icao_code BGUK
1302 region_code BG
1302 state (unassigned)
1302 transition_alt 6000
1302 transition_level 
100 29.87 1 0 0.25 0 1 0 05  72.78667500 -056.13298900    0    0 2 0 0 0 23  72.79369200 -056.12818900    0    0 2 0 0 2
110 1 0.25 11.0000 asphalt_2D.pol
111  72.78655070 -056.13069802
111  72.78652734 -056.13031072
111  72.78660023 -056.13005221
111  72.78656617 -056.12945027
112  72.78658624 -056.12932291  72.78659774 -056.12926637
112  72.78665702 -056.12907318  72.78667445 -056.12903548
111  72.78672294 -056.12896141
111  72.78694646 -056.12947109
111  72.78708547 -056.12942553
111  72.78725180 -056.12937605
111  72.78726149 -056.12955025
111  72.78705779 -056.12968958
111  72.78696583 -056.13013430
113  72.78661903 -056.13037147
110 1 0.25 11.0000 asphalt_1D.pol
111  72.78721751 -056.13072628
111  72.78709626 -056.13053541
111  72.78697814 -056.13007483
111  72.78705779 -056.12968958
111  72.78726149 -056.12955025
113  72.78730330 -056.13024830
110 1 0.25 11.0000 asphalt_1D.pol
111  72.78658772 -056.13131598
111  72.78655070 -056.13069802
111  72.78661903 -056.13037147
111  72.78681438 -056.13023788
111  72.78684768 -056.13079394
113  72.78679784 -056.13117232
110 3 0.25 11.0000 grass_vcld_dry_fl.pol
111  72.78652734 -056.13031072
111  72.78647330 -056.13034770
112  72.78641784 -056.13009615  72.78641436 -056.13003253
112  72.78640063 -056.12973890  72.78640307 -056.12967058
112  72.78649117 -056.12938323  72.78651032 -056.12930912
112  72.78658323 -056.12905614  72.78659752 -056.12901256
112  72.78669415 -056.12884341  72.78670819 -056.12882541
112  72.78682755 -056.12873704  72.78683680 -056.12873136
112  72.78695796 -056.12871171  72.78696625 -056.12871328
111  72.78702391 -056.12878262
111  72.78714083 -056.12894470
112  72.78720678 -056.12906119  72.78721898 -056.12908868
112  72.78723512 -056.12916722  72.78724267 -056.12921238
111  72.78724612 -056.12927249
113  72.78725180 -056.12937605
110 1 0.25 11.4000 New Taxiway 3
111  72.78684065 -056.13248101
112  72.78691870 -056.13226951  72.78692339 -056.13225052
112  72.78696394 -056.13205395  72.78696731 -056.13202547
112  72.78697785 -056.13187366  72.78697804 -056.13184075
112  72.78697437 -056.13167770  72.78697269 -056.13164605
112  72.78696162 -056.13154445  72.78695768 -056.13151786
112  72.78693378 -056.13141119  72.78692666 -056.13138841
112  72.78690246 -056.13132889  72.78689516 -056.13131433
112  72.78685723 -056.13125443  72.78684899 -056.13124367
111  72.78679784 -056.13117232
111  72.78658772 -056.13131598
111  72.78655070 -056.13069802
111  72.78661903 -056.13037147
111  72.78696583 -056.13013430
111  72.78705779 -056.12968958
111  72.78726149 -056.12955025
111  72.78730330 -056.13024830
111  72.78721751 -056.13072628
112  72.78713958 -056.13114487  72.78713730 -056.13116062
112  72.78712334 -056.13132124  72.78712147 -056.13135289
112  72.78711870 -056.13147017  72.78711870 -056.13149865
112  72.78712450 -056.13163478  72.78712656 -056.13166896
112  72.78714422 -056.13179155  72.78714890 -056.13181940
112  72.78718249 -056.13194048  72.78718731 -056.13195631
112  72.78721758 -056.13202693  72.78722330 -056.13203792
112  72.78725167 -056.13207940  72.78726088 -056.13209155
113  72.78731504 -056.13214941
130 Airport Boundary 9
111  72.79393310 -056.12654265
111  72.79399555 -056.12764480
111  72.79480864 -056.12710274
111  72.79484324 -056.12769953
111  72.79402835 -056.12825435
111  72.79409023 -056.12936431
111  72.79291504 -056.13010571
111  72.79197358 -056.13050997
111  72.78961993 -056.13209186
111  72.78842564 -056.13289558
111  72.78641401 -056.13467247
111  72.78624553 -056.13212367
111  72.78647293 -056.13184530
111  72.78638684 -056.13085937
111  72.78654107 -056.13018306
111  72.78649106 -056.12939189
111  72.78657972 -056.12887723
111  72.78691843 -056.12860304
111  72.78722419 -056.12895255
111  72.78733396 -056.12937865
111  72.78743110 -056.13113060
111  72.79290692 -056.12762570
113  72.79311970 -056.12703927
120 Linear Feature 20
111  72.78693561 -056.13140925 4
115  72.78712341 -056.13128116
120 Linear Feature 19
111  72.78688170 -056.13286474 1
112  72.78685914 -056.13287890  72.78685771 -056.13287969 1
112  72.78684255 -056.13290977  72.78683847 -056.13292578 1
112  72.78683526 -056.13295822  72.78683441 -056.13297521 1
112  72.78683423 -056.13300089  72.78683421 -056.13301717 1
112  72.78683153 -056.13306296  72.78683016 -056.13307839 1
112  72.78682451 -056.13311578  72.78682210 -056.13312911 1
112  72.78681346 -056.13316411  72.78681038 -056.13317409 1
112  72.78679793 -056.13320266  72.78679436 -056.13320878 1
112  72.78678032 -056.13322470  72.78677646 -056.13322725 1
112  72.78676342 -056.13323097  72.78675913 -056.13323018 1
112  72.78674598 -056.13322190  72.78674194 -056.13321807 1
112  72.78673143 -056.13320089  72.78672786 -056.13319353 1
112  72.78672172 -056.13317967  72.78671860 -056.13317234 1
112  72.78671284 -056.13315104  72.78671011 -056.13314093 1
112  72.78670577 -056.13311850  72.78670387 -056.13310845 1
112  72.78670064 -056.13307856  72.78669936 -056.13306601 1
112  72.78669735 -056.13303399  72.78669639 -056.13301790 1
112  72.78669056 -056.13291111  72.78669000 -056.13290121 1
112  72.78668929 -056.13288080  72.78668908 -056.13287151 1
112  72.78668908 -056.13285361  72.78668910 -056.13284345 1
112  72.78669070 -056.13280884  72.78669142 -056.13279784 1
112  72.78669501 -056.13276668  72.78669619 -056.13275778 1
112  72.78670109 -056.13272984  72.78670244 -056.13272301 1
112  72.78670767 -056.13270157  72.78670928 -056.13269579 1
112  72.78671568 -056.13267676  72.78671762 -056.13267174 1
112  72.78672246 -056.13266103  72.78672448 -056.13265689 1
112  72.78672839 -056.13265012  72.78673042 -056.13264658 1
112  72.78673604 -056.13263933  72.78673815 -056.13263697 1
112  72.78674376 -056.13263221  72.78674573 -056.13263102 1
112  72.78675418 -056.13262741  72.78675645 -056.13262711 1
112  72.78676223 -056.13262702  72.78676436 -056.13262761 1
112  72.78676975 -056.13263021  72.78677197 -056.13263168 1
112  72.78677703 -056.13263578  72.78677915 -056.13263768 1
112  72.78678645 -056.13264683  72.78678857 -056.13265007 1
112  72.78679487 -056.13266240  72.78679680 -056.13266665 1
112  72.78680289 -056.13268151  72.78680460 -056.13268648 1
112  72.78680962 -056.13270282  72.78681111 -056.13270821 1
112  72.78681549 -056.13272814  72.78681668 -056.13273396 1
112  72.78681812 -056.13274256  72.78681913 -056.13274822 1
112  72.78682103 -056.13276056  72.78682207 -056.13276785 1
112  72.78682398 -056.13278417  72.78682528 -056.13279309 1
112  72.78682925 -056.13281378  72.78683138 -056.13282158 1
112  72.78683910 -056.13283319  72.78684191 -056.13283588 1
112  72.78685813 -056.13284700  72.78686185 -056.13284489 1
115  72.78688035 -056.13283351
120 Linear Feature 19
111  72.79348299 -056.12831626 1
112  72.79350546 -056.12830061  72.79350688 -056.12829972 1
112  72.79352187 -056.12826864  72.79352586 -056.12825235 1
112  72.79352888 -056.12821969  72.79352963 -056.12820264 1
112  72.79352966 -056.12817695  72.79352959 -056.12816066 1
112  72.79353200 -056.12811468  72.79353328 -056.12809916 1
112  72.79353871 -056.12806139  72.79354105 -056.12804790 1
112  72.79354948 -056.12801231  72.79355250 -056.12800214 1
112  72.79356478 -056.12797274  72.79356832 -056.12796638 1
112  72.79358226 -056.12794952  72.79358610 -056.12794672 1
112  72.79359912 -056.12794213  72.79360341 -056.12794264 1
112  72.79361661 -056.12795005  72.79362067 -056.12795361 1
112  72.79363128 -056.12797010  72.79363489 -056.12797722 1
112  72.79364111 -056.12799068  72.79364428 -056.12799780 1
112  72.79365016 -056.12801873  72.79365294 -056.12802866 1
112  72.79365742 -056.12805081  72.79365937 -056.12806074 1
112  72.79366277 -056.12809041  72.79366412 -056.12810288 1
112  72.79366632 -056.12813478  72.79366737 -056.12815081 1
112  72.79367382 -056.12825723  72.79367443 -056.12826710 1
112  72.79367527 -056.12828746  72.79367553 -056.12829674 1
112  72.79367563 -056.12831464  72.79367568 -056.12832481 1
112  72.79367428 -056.12835953  72.79367362 -056.12837058 1
112  72.79367021 -056.12840198  72.79366908 -056.12841096 1
112  72.79366434 -056.12843924  72.79366303 -056.12844616 1
112  72.79365793 -056.12846794  72.79365636 -056.12847383 1
112  72.79365007 -056.12849329  72.79364815 -056.12849844 1
112  72.79364338 -056.12850947  72.79364138 -056.12851374 1
112  72.79363751 -056.12852077  72.79363551 -056.12852445 1
112  72.79362992 -056.12853207  72.79362783 -056.12853457 1
112  72.79362224 -056.12853971  72.79362028 -056.12854103 1
112  72.79361186 -056.12854520  72.79360959 -056.12854564 1
112  72.79360382 -056.12854612  72.79360168 -056.12854567 1
112  72.79359627 -056.12854343  72.79359405 -056.12854211 1
112  72.79358897 -056.12853834  72.79358683 -056.12853657 1
112  72.79357948 -056.12852791  72.79357735 -056.12852481 1
112  72.79357098 -056.12851289  72.79356902 -056.12850877 1
112  72.79356285 -056.12849431  72.79356110 -056.12848946 1
112  72.79355600 -056.12847345  72.79355447 -056.12846815 1
112  72.79354997 -056.12844851  72.79354875 -056.12844277 1
112  72.79354726 -056.12843426  72.79354622 -056.12842866 1
112  72.79354425 -056.12841644  72.79354316 -056.12840923 1
112  72.79354117 -056.12839303  72.79353982 -056.12838420 1
112  72.79353572 -056.12836376  72.79353354 -056.12835610 1
112  72.79352577 -056.12834500  72.79352293 -056.12834249 1
112  72.79350666 -056.12833244  72.79350295 -056.12833480 1
115  72.79348452 -056.12834741
120 Linear Feature 16
111  72.78706094 -056.13184285 1
112  72.78706000 -056.13209130  72.78705918 -056.13211786 1
112  72.78704408 -056.13238308  72.78704346 -056.13239192 1
112  72.78702464 -056.13257953  72.78702355 -056.13258689 1
112  72.78700639 -056.13267479  72.78700330 -056.13268675 1
112  72.78698706 -056.13273527  72.78698389 -056.13274443 1
112  72.78697089 -056.13277056  72.78696540 -056.13277463 1
116  72.78688035 -056.13283351  72.78687412 -056.13283739
120 Linear Feature 15
112  72.78704566 -056.13157040  72.78704512 -056.13156099 1
112  72.78701402 -056.13131829  72.78701153 -056.13130328 1
112  72.78696408 -056.13112505  72.78695784 -056.13110765 1
112  72.78691177 -056.13100643  72.78690879 -056.13100238 1
112  72.78686006 -056.13095698  72.78685848 -056.13095612 1
112  72.78682394 -056.13096175  72.78682049 -056.13096334 1
112  72.78666043 -056.13105157  72.78665607 -056.13105258 1
112  72.78662353 -056.13104665  72.78661352 -056.13103478 1
112  72.78659868 -056.13099004  72.78659322 -056.13096630 1
112  72.78658951 -056.13089793  72.78658886 -056.13086760 2
112  72.78658904 -056.13071208  72.78658930 -056.13067296 2
112  72.78661141 -056.13057662  72.78661984 -056.13055320 2
112  72.78665169 -056.13052933  72.78666049 -056.13052490 2
112  72.78670564 -056.13050896  72.78671563 -056.13050844 2
112  72.78674309 -056.13055502  72.78675261 -056.13057453 2
112  72.78677374 -056.13065525  72.78678123 -056.13068901 2
112  72.78679051 -056.13077119  72.78679519 -056.13081075 2
112  72.78680349 -056.13085083  72.78680833 -056.13087299 2
112  72.78681637 -056.13089950  72.78682034 -056.13090988 2
112  72.78683082 -056.13093172  72.78683551 -056.13093905 2
112  72.78684221 -056.13094669  72.78684654 -056.13094974 2
115  72.78686006 -056.13095698
120 Linear Feature 14
112  72.78704566 -056.13157040  72.78704487 -056.13155617 1
112  72.78704943 -056.13112804  72.78705021 -056.13109692 1
112  72.78710288 -056.12995981  72.78710531 -056.12991233 1
112  72.78712301 -056.12982536  72.78713256 -056.12980194 1
112  72.78716508 -056.12976972  72.78717875 -056.12976846 1
112  72.78720696 -056.12978878  72.78721970 -056.12980333 2
112  72.78724133 -056.12985876  72.78725201 -056.12989484 2
112  72.78726334 -056.12999563  72.78726765 -056.13004247 2
112  72.78726898 -056.13013716  72.78726842 -056.13018780 2
112  72.78725931 -056.13026236  72.78725351 -056.13029780 2
112  72.78723757 -056.13032768  72.78722783 -056.13034160 2
112  72.78719782 -056.13036594  72.78718845 -056.13037416 2
112  72.78716659 -056.13041161  72.78715835 -056.13042554 2
112  72.78713103 -056.13049137  72.78712373 -056.13051100 2
112  72.78711132 -056.13055969  72.78710552 -056.13058501 2
112  72.78708148 -056.13070279  72.78707717 -056.13072621 2
112  72.78706886 -056.13077826  72.78706567 -056.13080675 2
116  72.78706089 -056.13087069  72.78706008 -056.13088809
120 Linear Feature 12
112  72.78704566 -056.13157040  72.78704687 -056.13159176 1
112  72.78706094 -056.13184285  72.78706212 -056.13186421 1
112  72.78708363 -056.13207909  72.78708738 -056.13210599 1
112  72.78712870 -056.13231609  72.78713300 -056.13233279 1
112  72.78716821 -056.13244215  72.78717482 -056.13245534 1
112  72.78722005 -056.13252737  72.78722574 -056.13253439 1
112  72.78724865 -056.13255360  72.78725489 -056.13255787 1
112  72.78727707 -056.13256131  72.78728339 -056.13255673 1
115  72.78739538 -056.13248042
120 Linear Feature 9
111  72.78728006 -056.13211159 3
112  72.78725167 -056.13207940  72.78724797 -056.13207389 3
112  72.78721758 -056.13202693  72.78721159 -056.13201462 3
112  72.78718249 -056.13194048  72.78717768 -056.13192378 3
112  72.78714422 -056.13179155  72.78713876 -056.13176078 3
112  72.78712450 -056.13163478  72.78712203 -056.13159961 3
112  72.78711870 -056.13147017  72.78711857 -056.13144292 3
112  72.78712334 -056.13132124  72.78712503 -056.13129354 3
112  72.78713958 -056.13114487  72.78714296 -056.13111981 3
111  72.78721751 -056.13072628 3
111  72.78730330 -056.13024830 3
111  72.78726149 -056.12955025 3
111  72.78705779 -056.12968958 3
111  72.78696583 -056.13013430 3
111  72.78681438 -056.13023788 3
111  72.78661903 -056.13037147 3
111  72.78655070 -056.13069802 3
111  72.78658772 -056.13131598 3
111  72.78679784 -056.13117232 3
112  72.78685723 -056.13125443  72.78686298 -056.13126212 3
112  72.78690246 -056.13132889  72.78690821 -056.13134062 3
112  72.78693378 -056.13141119  72.78693985 -056.13143134 3
112  72.78696162 -056.13154445  72.78696433 -056.13156307 3
112  72.78697437 -056.13167770  72.78697517 -056.13170657 3
112  72.78697785 -056.13187366  72.78697650 -056.13191164 3
112  72.78696394 -056.13205395  72.78695832 -056.13209193 3
112  72.78691870 -056.13226951  72.78691116 -056.13229544 3
115  72.78687570 -056.13238837
21  72.78735492 -056.13362209 2 11.4400 6.00 05  PAPI-4L
21  72.78722123 -056.13139160 3 11.4400 6.00 05 PAPI-4R
21  72.79300625 -056.12761642 2 191.4400 6.00 23  PAPI-4L
21  72.79312702 -056.12963336 3 191.4400 6.00 23 PAPI-4R
20  72.78687907 -056.13148302 281.4400 0 2 {@R}05-23
20  72.78718417 -056.13127424 281.4400 0 2 {@R}05-23
20  72.78664603 -056.13003686 101.4400 0 2 {@Y}C
14  72.78670883 -056.12965869  42.65 0 New Tower Viewpoint 2
1300  72.78710305 -056.12995475  81.38 tie_down turboprops|props 1
1301 B airline 
1300  72.78665621 -056.13105281 188.23 tie_down turboprops|props 2
1301 B airline 
19  72.78647874 -056.13123659 1 WS
19  72.79357724 -056.12712084 1 WS
54 11810 Upernavik AFIS
1200 
1201  72.78691289 -056.13101273 both 0 _stop
1201  72.78705400 -056.13085213 both 1 _stop
1201  72.78703665 -056.13245646 both 2 _stop
1201  72.78703417 -056.13134851 both 3 _stop
1201  72.78706060 -056.13183591 both 4 _stop
1201  72.78716401 -056.13243405 both 5 _stop
1201  72.79353996 -056.12839137 both 6 _stop
1201  72.79357169 -056.12851648 both 7 _stop
1201  72.79361980 -056.12853971 both 8 _stop
1201  72.79366315 -056.12844141 both 9 _stop
1201  72.79367531 -056.12829844 both 10 _stop
1201  72.79366156 -056.12808397 both 11 _stop
1201  72.79363883 -056.12798567 both 12 _stop
1201  72.79358385 -056.12794993 both 13 _stop
1201  72.79353785 -056.12806074 both 14 _stop
1201  72.79352780 -056.12821980 both 15 _stop
1201  72.78683519 -056.13295273 both 16 _stop
1201  72.78682356 -056.13311530 both 17 _stop
1201  72.78677545 -056.13322607 both 18 _stop
1201  72.78672152 -056.13317962 both 19 _stop
1201  72.78669879 -056.13306885 both 20 _stop
1201  72.78668875 -056.13287591 both 21 _stop
1201  72.78670146 -056.13272434 both 22 _stop
1201  72.78675018 -056.13262916 both 23 _stop
1201  72.78680804 -056.13269347 both 24 _stop
1201  72.78683240 -056.13281438 both 25 _stop
1201  72.78669433 -056.13297734 both 26 _start
1201  72.78688240 -056.13284792 both 27 _start
1201  72.78696075 -056.13279390 both 28 _start
1201  72.78729280 -056.13256912 both 29 _start
1201  72.79348392 -056.12832882 both 30 _start
1201  72.79366927 -056.12820427 both 31 _start
1201  72.78679509 -056.13013710 both 32 _stop
1201  72.78682229 -056.13063833 both 33 _stop
1201  72.78690491 -056.13058510 both 34 _stop
1201  72.78697814 -056.13007483 both 35 _start
1202 3 0 twoway taxiway_B 
1202 3 1 twoway taxiway_B 
1202 2 4 twoway taxiway_B 
1204 departure 05,23
1204 arrival 05,23
1202 28 2 twoway taxiway_B 
1204 departure 05,23
1204 arrival 05,23
1202 4 3 twoway taxiway_B 
1204 arrival 05,23
1202 5 4 twoway taxiway_B 
1204 departure 05,23
1204 arrival 05,23
1202 29 5 twoway taxiway_B 
1204 departure 05,23
1204 arrival 05,23
1202 6 30 twoway taxiway_B 
1204 departure 05,23
1204 arrival 05,23
1202 7 6 twoway taxiway_B 
1204 departure 05,23
1204 arrival 05,23
1202 8 7 twoway taxiway_B 
1204 departure 05,23
1204 arrival 05,23
1202 9 8 twoway taxiway_B 
1204 departure 05,23
1204 arrival 05,23
1202 10 9 twoway taxiway_B 
1204 departure 05,23
1204 arrival 05,23
1202 11 31 twoway taxiway_B 
1204 departure 05,23
1204 arrival 05,23
1202 31 10 twoway taxiway_B 
1204 departure 05,23
1204 arrival 05,23
1202 12 11 twoway taxiway_B 
1204 departure 05,23
1204 arrival 05,23
1202 13 12 twoway taxiway_B 
1204 departure 05,23
1204 arrival 05,23
1202 14 13 twoway taxiway_B 
1204 departure 05,23
1204 arrival 05,23
1202 15 14 twoway taxiway_B 
1204 departure 05,23
1204 arrival 05,23
1202 30 15 twoway taxiway_B 
1204 departure 05,23
1204 arrival 05,23
1202 16 27 twoway taxiway_B 
1204 departure 05,23
1204 arrival 05,23
1202 17 16 twoway taxiway_B 
1204 departure 05,23
1204 arrival 05,23
1202 18 17 twoway taxiway_B 
1204 departure 05,23
1204 arrival 05,23
1202 19 18 twoway taxiway_B 
1204 departure 05,23
1204 arrival 05,23
1202 20 19 twoway taxiway_B 
1204 departure 05,23
1204 arrival 05,23
1202 21 26 twoway taxiway_B 
1204 departure 05,23
1204 arrival 05,23
1202 26 20 twoway taxiway_B 
1204 departure 05,23
1204 arrival 05,23
1202 22 21 twoway taxiway_B 
1204 departure 05,23
1204 arrival 05,23
1202 23 22 twoway taxiway_B 
1204 departure 05,23
1204 arrival 05,23
1202 24 23 twoway taxiway_B 
1204 departure 05,23
1204 arrival 05,23
1202 25 24 twoway taxiway_B 
1204 departure 05,23
1204 arrival 05,23
1202 27 25 twoway taxiway_B 
1204 departure 05,23
1204 arrival 05,23
1202 27 28 twoway runway 05/23
1204 departure 05,23
1204 arrival 05,23
1204 ils 05,23
1202 28 29 twoway runway 05/23
1204 departure 05,23
1204 arrival 05,23
1204 ils 05,23
1202 29 30 twoway runway 05/23
1204 departure 05,23
1204 arrival 05,23
1204 ils 05,23
1206 33 32 twoway  
1206 34 33 twoway  
1206 35 34 twoway  
1400  72.78688579 -56.13006111  11.44 fuel_liners 0 New Service Truck 22
99
