1868.9 -1897.8 -87.5 325 0 11.7 29.5 5.0 2.5 2 1 2 1 1
2004.2 -1783.0 -85.5 152 0 23.1 53.9 12.5 2.5 2 1 5 5 5
164.8 -934.9 -22.8 219 0 6.9 8.5 7.5 2.5 2 1 3 2 2
-21.1 -751.4 -28.4 40 0 18.4 23.4 12.5 2.5 2 1 5 1 1
542.2 -1358.0 -30.7 132 0 53.7 22.1 10.0 2.5 2 0 4 5 5
736.7 -1450.7 -39.1 138 0 45.0 30.7 12.5 0.0 0 0 5 3 3
687.6 -1224.2 -24.0 129 0 77.8 17.1 10.0 2.5 2 0 4 4 4
836.8 -1632.2 -53.1 158 0 35.2 21.8 17.5 0.0 0 0 7 5 5
834.9 -1586.1 -49.0 249 0 17.3 12.6 5.0 2.5 2 0 2 3 3
786.7 -1330.8 -30.0 41 0 18.1 61.5 10.0 2.5 2 1 4 4 4
799.7 -1220.8 -24.5 218 0 17.5 74.2 12.5 2.5 2 1 5 0 0
854.5 -1215.9 -22.5 308 0 74.2 17.6 12.5 2.5 2 0 5 0 0
871.4 -1281.3 -25.8 220 0 51.4 41.3 10.0 0.0 0 0 4 0 0
925.5 -1374.0 -29.9 40 0 18.4 62.3 12.5 2.5 2 1 5 5 5
804.0 -1187.4 -20.7 40 0 12.8 17.5 7.5 0.0 0 1 3 1 1
836.3 -1164.1 -18.2 129 0 15.3 7.6 7.5 2.5 2 0 3 4 4
787.2 -1391.8 -35.1 227 0 15.0 28.5 10.0 2.5 2 1 4 0 0
1119.9 -1604.1 -44.3 336 0 11.3 19.3 17.5 0.0 0 1 7 2 2
1019.6 -1549.5 -42.4 285 0 7.2 12.3 5.0 0.0 0 1 2 4 4
1175.9 -1677.8 -51.5 228 0 9.2 15.7 7.5 0.0 0 1 3 4 4
1766.6 -1946.2 -87.4 57 0 7.4 12.6 2.5 0.0 0 1 1 1 1
254.2 -1019.3 -10.2 134 0 22.7 14.8 10.0 2.5 2 0 4 3 3
282.7 -1032.8 -10.2 185 0 12.1 18.6 5.0 2.5 2 1 2 1 1
347.6 -1126.7 -12.7 132 0 15.4 7.7 5.0 2.5 2 0 2 0 0
376.5 -1110.0 -11.9 42 0 16.7 18.7 10.0 2.5 2 1 4 2 2
430.1 -1062.4 -8.9 43 0 5.9 16.9 5.0 2.5 2 1 2 2 2
401.6 -1051.2 -9.0 42 0 12.1 16.3 7.5 2.5 2 1 3 0 0
662.1 -1329.1 -30.6 220 0 39.7 14.6 10.0 2.5 2 0 4 2 2
699.4 -1405.2 -34.7 100 0 8.7 15.3 7.5 0.0 0 1 3 1 1
742.0 -1366.7 -32.2 102 0 7.2 14.8 7.5 0.0 0 1 3 5 5
717.9 -1310.3 -28.6 183 0 9.1 12.6 5.0 2.5 2 1 2 1 1
673.3 -1360.7 -31.8 181 0 7.7 16.7 5.0 2.5 2 1 2 5 5
1107.3 -1880.5 -75.3 279 0 17.7 9.0 5.0 2.5 2 0 2 0 0
1457.8 -1808.8 -62.3 126 0 8.5 5.9 7.5 0.0 0 0 3 2 2
-60.3 -543.7 0.0 38 0 6.2 8.3 5.0 2.5 2 1 2 4 4
-281.5 -373.0 -16.9 39 0 18.1 39.5 12.5 2.5 2 1 5 3 3
295.7 -127.4 86.9 167 0 69.4 45.8 12.5 0.0 0 0 5 4 4
-2255.4 -2173.0 -50.6 77 0 11.0 9.8 7.5 0.0 0 0 3 5 5
-1992.2 970.1 -23.1 310 0 9.3 9.5 7.5 2.5 2 1 3 1 1
-1101.4 -61.7 -13.8 97 0 68.7 124.7 10.0 0.0 0 1 4 1 1
-592.3 -100.4 -16.6 25 0 24.1 28.7 12.5 0.0 0 1 5 1 1
-690.8 -108.8 -19.9 115 0 52.9 46.5 10.0 0.0 0 0 4 1 1
